 Gender(0=Male;1=Female;) Height Weight Shoe_Size Shoe_Number Year(1=Fresh;2=Soph;3=Jun;4=Sen;5=Grad;) Pets Sibs Speed Cash Sleep Mother_age Father_age Random_Number Love(0=V0;1=V1;2=few;3=dozens;4=hundreds;5=thousands;6=millions;) Charity 
V1 1 68 137 10 30 1 2 2 80 30 4 51 51 5 2 30 
V2 1 64 160 7.5 40 2 6 9 95 200 4 52 60 1 1 60 
V3 1 65 126 4.5 9 2 2 7 100 10 4 40 45 3 1 10 
V4 0 74 300 11 4 3 3 1 127 0 4 45 43 1 6 50 
V5 0 69 165 11.5 20 3 3 1 95 40 4 51 53 10 1 80 
V6 1 64 220 10 6 3 3 4 100 9 4 44 43 8 3 50 
V7 1 64 130 8 12 2 0 2 88 10 4 49 55 5 2 5 
V8 0 72 175 11 2 4 2 2 120 20 4 60 59 8 2 20 
V9 1 61 95 5.5 10 2 0 1 36 20 4.5 47 55 3 2 25 
V10 1 66 175 8.5 13 2 2 4 85 60 4.5 44 60 2 2 50 
V11 0 75 174 12.5 5 2 5 2 120 0 4.5 46 53 1 4 50 
V12 1 66 180 10 10 4 2 0 120 1 4.5 57 59 4 1 5 
V13 1 64 115 7.5 25 2 4 1 93 130 4.5 46 47 9 1 100 
V14 1 64 195 10 6 4 4 3 100 0 4.5 40 44 4 1 96 
V15 0 69 170 10 5 4 2 2 100 7 4.5 44 54 8 5 20 
V16 0 68 150 10.5 5 4 1 2 95 2 4.5 49 56 6 2 20 
V17 1 62 113 7 40 1 0 2 90 400 4.5 52 52 3 2 10 
V18 1 70 159 9.5 29 3 3 2 100 70 4.5 47 49 2 2 100 
V19 1 64 165 9 22 2 3 5 120 6 4.5 44 42 6 1 25 
V20 1 62 86 6 16 4 0 0 86 16 5 49 48 6 1 56 
V21 1 65 152 8.5 13 2 8 2 110 11 5 54 56 6 1 20 
V22 1 64 143 8.5 25 2 3 2 75 1 5 41 43 5 2 75 
V23 0 74 180 13 7 3 0 3 115 0 5 48 63 6 2 20 
V24 1 65 200 7.5 12 2 0 1 65 5 5 51 52 8 2 95 
V25 0 71 160 11 2 1 0 0 85 102 5 52 53 2 2 70 
V26 1 69 266 10 10 2 1 3 60 15 5 47 46 7 1 100 
V27 1 64 115 7.5 30 2 10 4 110 20 5 51 51 6 2 20 
V28 1 66 130 7 15 3 1 2 75 0 5 43 43 6 1 75 
V29 1 65 135 8.5 25 2 2 2 85 50 5 55 57 6 3 100 
V30 0 67 140 10 4 4 1 4 60 0 5 48 50 4 2 50 
V31 1 68 145 8 21 4 15 3 109 6 5 57 55 8 2 50 
V32 1 68 140 10 15 1 0 5 100 6 5 47 48 9 3 75 
V33 1 62 132 7.5 40 2 2 1 90 2 5 41 40 8 3 25 
V34 1 65 130 6.5 15 1 0 1 80 18 5 48 52 3 2 0 
V35 1 68 190 9.5 16 2 1 5 105 70 5 49 38 2 1 50 
V36 1 63 194 10 10 4 0 1 95 1 5 46 50 9 2 100 
V37 0 72 175 12.5 7 2 1 1 92 6 5 51 50 8 2 33 
V38 1 66 130 7 10 2 1 1 95 200 5 40 49 2 2 10 
V39 0 72 178 12 6 1 2 1 122 300 5 49 49 5 2 50 
V40 0 73 155 12 5 1 1 2 110 20 5 50 50 8 1 50 
V41 1 64 144 7.5 16 1 0 1 75 41 5 42 53 5 2 49 
V42 0 72 165 11 4 2 2 1 150 60 5 50 53 3 1 100 
V43 0 68 180 11 7 2 0 2 115 25 5 50 65 10 1 50 
V44 0 74 180 12 10 2 1 2 105 20 5 48 47 3 1 10 
V45 0 66 155 10.5 3 2 1 1 80 50 5 55 57 8 1 25 
V46 1 65 120 7 8 3 10 3 95 90 5 47 50 4 3 75 
V47 1 62 140 7 100 4 0 0 110 100 5 49 49 4 2 5 
V48 0 70 175 10.5 4 2 0 0 130 32 5 52 53 7 2 42 
V49 1 60 115 7 12 2 2 1 100 60 5 47 50 5 2 10 
V50 1 66 156 9 12 2 0 3 95 18 5 42 49 4 1 94 
V51 1 62 119 5 12 3 0 0 35 6 5 48 48 3 2 30 
V52 1 62 125 7.5 25 4 2 1 90 0 5 40 54 5 2 50 
V53 1 66 125 8 20 1 0 0 20 60 5 48 47 9 2 30 
V54 0 70 145 9.5 4 2 1 2 85 75 5.5 49 53 8 2 25 
V55 0 75 243 13 4 4 0 1 91 0 5.5 49 49 10 6 100 
V56 1 61 100 7 3 2 0 1 90 65 5.5 54 49 6 2 90 
V57 1 63 113 8 40 2 2 3 80 13 5.5 38 38 3 2 30 
V58 1 64 152 8.5 8 3 1 2 95 9 5.5 46 53 8 1 80 
V59 1 68 155 8.5 19 2 5 2 150 1 5.5 50 55 4 2 50 
V60 1 69 140 9 14 2 7 2 85 0 5.5 64 64 8 2 30 
V61 0 72 150 10.5 13 4 3 2 95 69 5.5 41 48 4 2 100 
V62 1 67 168 9.5 60 5 4 1 110 0 5.5 59 57 4 2 40 
V63 0 70 194 12.5 9 1 0 2 98 27 5.5 52 53 3 1 100 
V64 1 64 107 7.5 15 1 3 2 85 1 5.5 52 53 8 2 75 
V65 0 65 189 11 2 2 0 3 99 0 5.5 47 45 2 1 100 
V66 0 72 164 12 10 3 12 2 116 5 5.5 42 45 10 3 50 
V67 0 66 150 8.5 5 1 0 1 97 0 6 43 44 4 1 50 
V68 1 63 127 7 20 1 0 3 102 100 6 51 54 4 2 55 
V69 1 64 145 7 30 2 0 3 85 300 6 43 48 8 2 100 
V70 1 64 128 5 15 4 2 0 75 140 6 50 54 7 0 30 
V71 1 64 130 8 12 1 0 1 60 300 6 43 50 5 2 100 
V72 1 66 118 7.5 53 1 0 1 80 17 6 57 60 6 3 25 
V73 0 73 190 12 4 1 0 2 120 102 6 49 52 5 2 100 
V74 0 69 240 12 9 2 2 2 90 0 6 47 51 1 1 75 
V75 0 72 215 12 15 1 2 2 90 150 6 63 65 7 1 50 
V76 1 63 161 8 20 2 4 4 85 7 6 39 41 3 2 10 
V77 0 82 176 11.5 5 3 0 1 110 66 6 50 53 2 3 25 
V78 0 67 135 7.5 5 2 1 1 96 70 6 48 48 10 3 100 
V79 0 72 265 14 6 1 10 2 120 12 6 46 45 7 2 75 
V80 1 64 130 6 40 2 6 0 100 60 6 51 54 2 2 50 
V81 0 65 135 9.5 10 2 0 2 110 0 6 50 51 6 3 25 
V82 1 64 128 7.5 8 2 1 5 90 22 6 40 40 6 2 75 
V83 1 64 158 8.5 5 1 0 2 86 42 6 62 62 2 2 95 
V84 1 63 105 8 20 4 0 1 105 150 6 44 51 10 2 95 
V85 1 60 125 4 20 2 4 3 80 0 6 40 42 9 1 99 
V86 1 66 150 8.5 60 2 0 2 78 200 6 40 41 10 1 80 
V87 1 65 158 11 11 2 0 2 76 200 6 47 58 3 2 40 
V88 0 67 130 10 3 1 0 1 65 95 6 40 45 1 5 45 
V89 1 65 140 7.5 20 2 1 2 85 150 6 55 55 7 2 75 
V90 1 65 120 7.5 16 2 0 0 90 400 6 45 47 8 2 1 
V91 0 71 180 11.5 4 4 2 3 110 3 6 53 52 4 4 50 
V92 1 62 114 6 30 1 3 3 55 300 6 55 55 4 1 60 
V93 1 72 165 11 20 1 3 4 85 30 6 45 46 3 2 50 
V94 1 67 165 8.5 25 2 0 2 60 0 6 47 49 3 1 50 
V95 1 64 130 8.5 22 4 4 2 108 0 6 51 51 2 4 100 
V96 0 77 157 11.5 5 1 0 2 73 200 6 45 46 3 6 100 
V97 0 69 145 10 6 1 0 1 115 26 6 53 47 8 2 50 
V98 1 63 135 8 20 1 4 1 95 35 6 52 65 4 1 10 
V99 1 68 140 8.5 35 3 4 2 90 9 6 56 58 4 2 50 
V100 0 74 175 13 4 1 0 0 100 35 6 49 53 4 2 80 
V101 1 62 131 8 10 2 0 2 85 5 6 53 54 5 2 100 
V102 1 70 150 10.5 31 3 1 2 92 46 6 51 55 2 6 95 
V103 1 59 102 6 13 2 4 3 70 20 6 35 40 8 2 50 
V104 1 63 118 7 18 3 0 0 75 200 6 45 55 5 3 0 
V105 1 68 140 8.5 6 2 23 2 110 100 6 50 50 8 3 60 
V106 1 62 130 8.5 10 2 0 3 85 16 6 52 54 6 3 80 
V107 1 63 110 6 40 4 0 1 100 105 6 48 51 8 2 100 
V108 1 64 106 8.5 10 3 1 3 100 17 6 47 43 3 1 50 
V109 1 65 142 9 30 3 3 4 120 4 6 45 65 8 1 40 
V110 1 67 115 6 10 3 0 1 50 20 6 50 52 3 2 10 
V111 0 69 135 9.5 4 2 0 1 95 8 6 51 53 4 1 70 
V112 0 71 125 10 6 4 5 2 90 10 6 54 58 4 2 80 
V113 0 74 184 13.5 7 2 10 1 85 2 6 52 53 5 2 100 
V114 0 70 188 10.5 12 2 0 2 110 50 6 43 43 5 3 100 
V115 1 63 100 6.5 20 4 2 1 102 3 6 48 55 6 1 5 
V116 1 64 97 6.5 15 2 0 2 65 33 6 46 53 3 1 100 
V117 1 62 115 6 10 1 1 2 70 20 6 41 45 4 2 20 
V118 1 63 145 7.5 5 4 3 1 85 45 6 51 58 9 1 50 
V119 1 63 190 7.5 34 1 0 2 90 61 6 53 55 4 4 35 
V120 1 59 118 7 11 3 10 6 95 25 6 46 48 9 1 90 
V121 0 70 165 9.5 10 2 2 2 60 0 6 36 39 6 2 70 
V122 0 68 144 10 4 4 1 0 101 0 6 53 54 2 4 89 
V123 1 65 180 8.5 20 2 3 2 106 44 6 53 53 4 1 75 
V124 1 66 143 9 14 1 1 2 87 48 6 52 51 3 3 80 
V125 1 66 128 7.5 20 1 0 2 70 40 6 49 49 3 1 50 
V126 1 60 93 5.5 12 2 4 6 80 0 6 59 59 8 2 100 
V127 1 64 125 8 15 3 4 1 90 700 6 49 49 3 1 90 
V128 1 64 189 8 20 3 8 3 77 60 6 54 54 4 1 50 
V129 0 74 220 12 8 1 0 0 110 100 6 46 45 7 1 95 
V130 1 65 125 6.5 13 2 4 2 80 0 6 51 50 1 2 100 
V131 1 61 207 9 30 3 0 2 120 0 6 51 55 3 2 33 
V132 1 63 142 8.5 30 2 1 0 85 23 6 46 46 6 4 50 
V133 1 67 135 9 25 1 0 1 80 100 6 48 48 9 2 50 
V134 1 63 140 8 15 3 2 2 75 12 6 52 52 9 1 100 
V135 1 60 110 6 5 1 1 3 75 50 6 52 59 6 1 98 
V136 1 63 120 7.5 15 2 3 5 20 30 6 50 55 9 2 70 
V137 1 62 125 6.5 18 3 2 5 95 21 6 42 40 1 0 50 
V138 1 62 130 8 25 2 8 1 90 100 6 47 50 8 2 50 
V139 1 65 127 8.5 5 3 15 1 46 900 6 49 54 4 2 40 
V140 1 64 105 5.5 10 1 0 1 60 30 6 47 49 8 2 30 
V141 1 64 125 6.5 13 1 6 1 60 300 6 56 61 4 2 85 
V142 1 64 105 6.5 20 2 0 1 85 80 6 55 63 3 2 50 
V143 1 70 185 10 40 2 4 2 94 40 6 49 49 3 2 90 
V144 1 66 130 8 9 2 5 2 70 20 6 48 55 3 2 25 
V145 1 64 153 7.5 25 2 3 5 82 8 6 52 52 8 1 90 
V146 1 60 131 7.5 13 4 0 1 100 25 6 44 50 8 2 50 
V147 1 65 160 8.5 15 1 0 2 90 100 6 54 52 2 2 50 
V148 0 69 186 11.5 5 4 1 2 80 30 6 53 55 9 2 100 
V149 1 62 115 7.5 20 1 0 6 110 30 6 53 55 6 2 50 
V150 1 62 99 6.5 22 2 0 1 36 50 6 45 46 3 2 20 
V151 0 74 168 11.5 6 1 0 3 80 40 6 49 51 5 2 60 
V152 1 65 123 9 20 1 3 2 95 54 6 49 50 5 1 5 
V153 0 70 150 10 8 2 3 2 120 60 6 42 44 9 3 20 
V154 1 65 125 7.5 40 2 0 2 75 20 6 49 50 9 1 25 
V155 1 63 125 7.5 35 3 1 2 90 40 6 49 52 8 1 5 
V156 1 65 130 7 30 4 0 2 95 31 6 56 60 7 1 100 
V157 1 61 120 6 20 2 2 1 115 0 6 51 53 4 1 100 
V158 1 64 165 8.5 20 2 3 5 80 25 6 37 38 4 1 50 
V159 1 62 145 7 10 2 0 1 120 7 6 41 45 6 2 95 
V160 0 70 190 12 6 1 0 1 110 10 6 50 50 6 2 40 
V161 1 67 175 12 9 1 1 4 95 14 6 53 59 1 1 99 
V162 1 63 138 8.5 16 3 1 3 90 28 6 50 53 7 2 90 
V163 1 62 140 8 5 2 0 2 100 300 6 48 56 2 1 88 
V164 0 71 160 11 12 2 1 3 95 19 6 56 59 5 6 80 
V165 1 67 135 8.5 17 4 2 0 100 0 6 60 59 4 2 45 
V166 0 67 155 10 5 2 5 4 100 13 6 51 54 2 2 80 
V167 1 64 118 7.5 20 2 8 2 88 12 6 49 52 5 1 50 
V168 1 59 96 6 25 1 2 1 80 100 6 41 41 6 2 58 
V169 0 73 150 10.5 6 1 1 1 90 32 6 43 45 4 1 70 
V170 1 66 130 8.5 13 1 2 2 80 50 6 53 59 2 1 50 
V171 1 64 120 7.5 10 2 0 1 70 150 6 48 54 8 1 50 
V172 1 62 177 6.5 20 2 0 1 70 300 6 52 51 7 2 40 
V173 1 63 111 7 30 4 7 1 110 0 6 54 54 1 2 20 
V174 0 70 179 11.5 7 2 1 2 130 100 6 54 58 6 1 30 
V175 1 67 158 9.5 31 3 3 2 105 10 6.5 39 42 4 1 0 
V176 1 65 143 7.5 12 1 1 0 72 3 6.5 56 65 3 2 20 
V177 1 65 125 8.5 10 1 1 2 80 150 6.5 40 44 3 2 50 
V178 1 64 125 8.5 20 1 3 2 90 0 6.5 49 49 5 1 70 
V179 0 64 140 8 6 2 1 1 100 88 6.5 50 51 9 3 10 
V180 1 65 130 8.5 15 4 4 3 80 0 6.5 51 61 7 2 10 
V181 0 73 155 11 18 2 11 2 95 2 6.5 56 63 4 2 100 
V182 1 64 120 7.5 3 4 0 1 75 5 6.5 57 61 3 2 50 
V183 1 65 115 6.5 10 2 4 1 80 50 6.5 49 52 2 1 100 
V184 0 69 175 10.5 4 1 0 0 140 2 6.5 59 57 5 1 99 
V185 1 66 140 8 38 1 1 3 92 14 6.5 53 52 2 2 95 
V186 1 65 149 7.5 50 2 4 1 89 10 6.5 45 54 8 1 100 
V187 1 71 150 9.5 15 3 1 2 70 10 6.5 51 50 5 2 50 
V188 1 60 105 5 10 2 1 3 80 0 6.5 38 42 3 2 89 
V189 1 68 112 7.5 26 2 2 1 80 46 6.5 48 49 5 2 44 
V190 1 62 132 6.5 20 2 0 4 45 18 6.5 53 46 10 1 50 
V191 1 66 135 8 15 2 2 1 95 5 6.5 53 56 8 2 99 
V192 0 73 160 11.5 4 3 3 2 80 40 6.5 55 55 9 2 70 
V193 0 75 157 10.5 9 2 2 0 90 42 6.5 52 54 9 3 70 
V194 1 63 108 6 25 1 0 2 101 40 6.5 45 52 8 3 30 
V195 1 62 139 7 11 3 6 1 109 105 6.5 53 54 2 1 11 
V196 1 66 151 9.5 20 2 0 4 87 24 6.5 48 53 10 1 66 
V197 1 62 120 7 25 1 2 1 95 3 6.5 47 48 4 2 80 
V198 1 62 150 7.5 20 4 3 1 100 20 6.5 42 47 5 1 10 
V199 1 63 140 7.5 14 2 0 2 90 7 6.5 48 47 9 1 50 
V200 1 70 150 9.5 15 3 8 3 110 10 6.5 54 55 8 2 60 
V201 1 63 130 8.5 11 2 0 3 40 20 6.5 45 45 3 3 75 
V202 1 68 170 11 12 1 0 1 65 30 6.5 55 55 2 2 50 
V203 0 74 180 13 5 2 0 3 105 200 6.5 48 49 8 1 30 
V204 1 64 128 7 30 2 0 1 84 65 6.5 50 52 9 1 98 
V205 0 69 166 9.5 5 2 1 3 90 9 6.5 44 44 5 2 10 
V206 1 63 130 6.5 23 1 4 4 95 18 6.5 47 49 8 2 20 
V207 0 67 225 9.5 10 2 3 2 150 700 6.5 44 53 6 3 100 
V208 1 62 130 7 25 2 8 1 105 0 6.5 53 55 4 2 35 
V209 0 68 128 9.5 4 4 2 2 90 65 6.5 55 55 8 2 75 
V210 1 63 110 6.5 25 2 0 2 75 59 6.5 53 61 3 2 30 
V211 0 76 170 13 3 4 2 0 90 40 6.5 57 59 6 2 50 
V212 0 62 135 9.5 5 3 0 5 100 60 6.5 38 46 7 2 50 
V213 0 72 180 11 3 1 0 3 90 21 6.5 51 51 1 2 98 
V214 0 70 138 9.5 5 4 2 1 100 20 6.5 48 51 8 0 10 
V215 0 70 125 11.5 4 2 0 2 125 0 6.5 49 48 4 1 50 
V216 0 72 170 10.5 8 2 6 1 130 26 6.5 52 60 7 2 10 
V217 0 75 175 11.5 4 3 2 2 115 50 6.5 56 58 1 2 10 
V218 1 68 211 11 24 4 1 1 95 0 6.5 51 55 7 2 15 
V219 1 64 138 7 10 4 0 2 85 2 6.5 43 52 6 2 50 
V220 0 67 130 10.5 6 1 0 3 95 25 6.5 39 42 1 2 50 
V221 1 62 112 7.5 12 2 1 2 80 12 6.5 53 65 7 2 50 
V222 1 63 98 6 9 2 0 2 70 38 6.5 49 50 4 3 80 
V223 1 67 154 8 25 4 0 2 90 25 6.5 60 61 3 1 30 
V224 0 68 177 10.5 6 2 0 1 107 5 6.5 51 53 8 1 100 
V225 0 75 178 11.5 7 2 6 1 95 1 6.5 44 43 8 1 90 
V226 1 60 134 6.5 12 3 2 1 90 11 6.5 47 54 4 5 40 
V227 1 67 130 7.5 26 1 0 1 110 28 6.5 49 51 4 2 50 
V228 0 69 150 9.5 4 3 0 0 100 20 6.5 51 54 7 2 75 
V229 0 70 150 11 5 3 2 4 97 6 7 54 52 10 4 50 
V230 1 64 160 8.5 15 3 2 4 90 10 7 53 53 8 2 50 
V231 1 62 125 6 30 1 0 0 80 20 7 50 56 6 4 80 
V232 0 72 170 12 10 2 0 5 115 400 7 53 59 6 2 30 
V233 0 70 135 10 8 1 1 1 100 0 7 49 55 4 4 25 
V234 1 67 155 8.5 35 1 5 1 90 13 7 55 55 2 5 60 
V235 1 63 120 7 20 2 2 1 80 500 7 41 46 5 1 90 
V236 1 64 105 6.5 7 1 1 0 20 74 7 54 55 4 1 75 
V237 0 71 155 10.5 10 4 2 1 95 72 7 49 51 8 5 60 
V238 1 69 170 9.5 20 2 2 3 95 0 7 50 50 9 2 40 
V239 1 63 144 8 34 4 3 5 90 10 7 42 44 8 1 100 
V240 1 70 156 9.5 20 4 6 1 88 80 7 55 56 8 2 50 
V241 1 63 130 6 30 2 1 1 95 80 7 50 48 4 3 50 
V242 1 68 190 10 25 4 4 1 85 9 7 48 49 9 2 50 
V243 1 63 170 7.5 16 1 1 0 70 120 7 52 56 9 5 30 
V244 1 70 139 9.5 8 2 0 1 96 0 7 47 48 2 4 100 
V245 0 70 155 9.5 8 1 0 1 100 40 7 45 50 1 1 50 
V246 0 71 150 9 6 2 0 1 122 25 7 48 58 7 2 100 
V247 1 65 130 7 10 1 3 2 100 20 7 51 53 6 2 75 
V248 1 62 140 7.5 23 1 0 2 88 0 7 53 52 3 3 95 
V249 0 74 200 12.5 4 4 1 2 115 32 7 44 44 6 2 50 
V250 1 66 130 9 9 1 3 5 90 25 7 54 55 5 2 80 
V251 1 64 113 6.5 50 2 2 2 85 97 7 51 52 8 1 85 
V252 0 72 146 10 5 2 1 1 50 25 7 54 53 1 1 85 
V253 1 70 190 11 31 2 0 3 85 50 7 51 52 6 2 45 
V254 1 63 128 6 8 1 0 2 90 50 7 49 49 9 2 80 
V255 1 63 145 7.5 2 1 1 2 45 110 7 47 55 6 0 17 
V256 0 65 120 8 3 1 0 1 90 31 7 50 53 6 1 20 
V257 0 72 200 12.5 5 2 0 2 120 20 7 50 52 6 1 50 
V258 1 64 118 8 35 1 2 2 105 40 7 50 49 10 1 0 
V259 1 65 130 8 10 2 20 3 90 15 7 38 42 7 2 50 
V260 0 68 135 9.5 2 2 4 1 105 0 7 45 49 1 3 5 
V261 1 63 131 7 15 2 3 5 110 0 7 35 35 6 1 45 
V262 1 63 130 6.5 30 3 1 2 95 0 7 56 50 8 2 20 
V263 1 65 125 7.5 25 1 1 4 90 8 7 58 65 2 3 75 
V264 0 72 175 10.5 8 3 2 2 85 25 7 45 47 8 2 75 
V265 0 67 154 8.5 6 1 4 1 95 30 7 49 54 8 1 50 
V266 1 66 114 6.5 30 1 0 2 60 200 7 51 52 2 2 20 
V267 1 60 121 7.5 9 1 0 2 70 45 7 46 47 4 4 85 
V268 1 61 117 6 8 4 1 3 70 2 7 49 47 3 2 3 
V269 0 69 150 10.5 7 1 2 1 80 50 7 57 54 9 2 25 
V270 1 66 118 7 20 3 9 3 70 5 7 50 57 8 2 90 
V271 1 67 130 8 43 1 4 1 90 25 7 55 55 5 2 100 
V272 0 73 240 11.5 8 2 1 2 110 0 7 53 58 5 1 100 
V273 1 66 150 9.5 15 1 5 1 97 42 7 52 53 8 2 100 
V274 0 70 150 10 2 2 0 3 70 40 7 56 58 8 2 30 
V275 0 74 144 11 6 1 0 1 121 37 7 48 49 8 1 98 
V276 1 61 110 6 15 3 0 0 85 18 7 58 58 4 0 0 
V277 1 67 185 10 30 2 0 1 95 42 7 42 51 8 2 80 
V278 0 69 166 10 7 1 0 1 90 11 7 52 54 4 1 20 
V279 1 63 197 8.5 12 3 7 3 90 13 7 53 57 8 1 100 
V280 1 68 140 9.5 12 1 2 1 90 9 7 48 50 4 2 50 
V281 1 65 125 8 7 2 0 1 95 0 7 45 47 3 2 90 
V282 0 70 190 10.5 2 2 4 1 70 20 7 54 53 5 6 100 
V283 1 61 115 6.5 10 1 5 0 85 0 7 55 57 6 2 50 
V284 1 70 170 10 51 1 1 2 80 60 7 50 53 9 2 100 
V285 0 70 165 10.5 8 2 7 2 87 35 7 51 51 6 2 100 
V286 1 67 140 10 22 2 0 3 80 21 7 49 50 4 2 50 
V287 0 72 188 10 10 2 5 2 110 66 7 55 57 4 1 33 
V288 1 66 138 8 18 2 5 3 70 15 7 43 43 5 1 40 
V289 0 67 130 9 20 2 1 1 130 0 7 54 54 4 3 49 
V290 1 58 107 6.5 30 1 3 2 67 35 7 46 55 4 1 60 
V291 1 63 125 5.5 25 4 6 4 95 0 7 46 50 5 1 50 
V292 0 73 159 12 6 1 1 2 100 80 7 40 53 4 3 90 
V293 1 60 218 9.5 14 1 0 1 120 22 7 54 52 3 2 50 
V294 0 69 155 10.5 3 1 3 2 90 20 7 45 46 2 3 100 
V295 1 65 115 7.5 90 2 30 1 125 500 7 51 51 2 2 4 
V296 0 76 205 15 3 1 0 2 130 200 7 53 57 4 5 10 
V297 1 66 112 6.5 12 2 5 2 80 45 7 48 50 3 2 50 
V298 1 62 122 8 15 2 1 0 92 10 7 54 57 4 6 100 
V299 0 73 157 10.5 5 4 3 3 90 50 7 51 53 8 3 33 
V300 1 66 133 8 17 1 7 3 90 10 7 54 57 3 2 60 
V301 1 64 120 8 30 3 2 0 95 0 7 48 63 3 4 50 
V302 1 69 120 9 20 1 2 2 90 0 7 45 45 4 3 99 
V303 1 61 114 6.5 10 3 0 1 95 15 7 56 60 4 2 85 
V304 1 67 120 8.5 10 1 2 3 102 32 7 48 48 4 1 70 
V305 1 65 160 8 50 3 0 3 100 7 7 50 53 4 2 80 
V306 1 67 98 7 14 3 1 1 110 40 7 41 42 3 2 80 
V307 1 69 115 9.5 8 2 0 2 55 20 7 49 51 4 2 75 
V308 1 64 142 7.5 11 4 15 4 120 4 7 47 56 6 1 15 
V309 0 70 148 10 3 4 1 1 110 15 7 52 56 2 5 30 
V310 1 68 150 8.5 10 1 0 0 20 10 7 49 52 3 3 30 
V311 0 69 137 10.5 3 1 1 2 85 14 7 46 47 3 2 20 
V312 1 62 112 7.5 40 2 2 1 115 23 7 53 53 7 2 60 
V313 1 66 170 9 15 3 2 3 100 11 7 45 57 6 2 30 
V314 1 64 140 6.5 25 1 0 0 100 85 7 50 50 8 3 50 
V315 1 62 110 6 10 2 0 2 75 300 7 46 51 3 1 50 
V316 1 66 143 9 14 3 2 1 80 0 7 56 57 4 4 100 
V317 0 77 202 14 6 2 1 2 110 25 7 57 59 8 2 7 
V318 1 66 120 8.5 10 4 3 1 105 25 7 52 52 9 3 50 
V319 1 66 170 9.5 30 1 3 0 90 30 7 52 51 7 2 30 
V320 1 64 110 6.5 30 2 1 0 101 37 7 52 59 5 2 40 
V321 0 70 160 10 10 1 0 1 85 300 7 45 55 10 4 100 
V322 1 66 147 8.5 57 2 5 1 95 0 7 41 41 7 2 75 
V323 0 70 260 8.5 8 5 6 2 110 36 7 65 65 6 4 90 
V324 1 64 150 7.5 40 2 9 12 95 20 7 39 38 9 1 75 
V325 1 62 123 7 30 2 1 0 20 3 7 55 60 2 2 100 
V326 0 69 157 10.5 3 1 3 5 90 50 7 55 56 2 4 10 
V327 0 71 180 11 11 2 3 4 110 0 7 44 44 8 1 10 
V328 0 75 195 13 5 2 1 3 110 25 7 56 60 10 1 50 
V329 1 63 126 7 50 1 0 1 75 48 7 47 48 6 2 25 
V330 0 68 140 9 10 1 0 1 100 100 7 55 58 4 5 100 
V331 1 64 130 7.5 15 2 4 1 110 63 7 51 58 2 1 80 
V332 0 68 175 11.5 10 2 7 1 110 20 7 43 44 5 2 75 
V333 1 64 112 6.5 20 1 0 1 75 85 7 49 56 8 2 50 
V334 0 69 160 9 10 2 0 1 85 15 7 48 50 3 2 20 
V335 1 65 120 8 26 2 2 2 95 17 7 42 43 8 1 50 
V336 1 66 144 8 15 2 4 1 100 200 7 56 56 4 2 100 
V337 1 64 135 7.5 10 1 0 1 90 36 7 51 55 6 1 10 
V338 0 72 170 12 9 2 3 2 105 87 7 48 51 5 2 90 
V339 1 68 160 10 15 1 1 4 80 30 7 52 58 5 5 50 
V340 0 71 167 11 4 2 0 3 115 16 7 51 52 4 3 19 
V341 1 62 146 8 14 4 1 4 85 45 7 53 53 7 1 90 
V342 0 72 155 12 2 2 0 0 90 0 7 56 56 2 2 25 
V343 1 66 135 8.5 15 3 3 1 104 28 7 55 56 9 3 30 
V344 0 67 136 7 3 1 0 1 20 0 7 49 56 4 6 66 
V345 1 64 154 8 10 3 0 2 100 0 7 50 50 3 5 50 
V346 1 60 105 6 20 1 1 3 90 200 7 49 50 1 1 35 
V347 1 64 120 6.5 19 2 1 1 100 75 7 56 55 3 2 80 
V348 0 75 175 13 10 2 6 1 125 66 7 49 49 3 4 100 
V349 1 65 197 8.5 10 2 1 2 25 10 7 45 45 8 2 49 
V350 1 64 112 7.5 11 1 2 0 20 93 7 48 49 7 2 50 
V351 0 73 145 11 3 2 1 3 90 24 7 52 52 6 3 100 
V352 0 70 170 11 7 2 6 3 35 18 7 58 59 6 2 70 
V353 0 68 190 8.5 6 1 1 0 40 200 7 46 48 6 2 55 
V354 1 65 175 7.5 7 2 2 6 92 30 7 52 56 7 1 100 
V355 1 62 110 7 30 2 0 1 80 20 7 45 50 10 1 95 
V356 1 64 130 6.5 23 2 3 2 105 18 7 53 54 8 3 90 
V357 1 67 127 8 25 1 1 4 90 70 7 51 53 3 2 70 
V358 1 67 150 9 20 2 0 2 75 150 7 46 43 4 2 70 
V359 0 72 156 10.5 9 3 7 2 130 2 7 47 48 4 1 100 
V360 0 73 150 10.5 6 3 4 1 125 5 7 49 53 6 3 33 
V361 0 73 172 12 5 3 5 1 110 15 7 51 52 5 4 10 
V362 0 66 162 9.5 8 2 2 3 45 10 7 51 60 6 2 40 
V363 0 75 182 13.5 5 2 5 2 115 130 7 38 42 7 2 100 
V364 1 65 130 7 20 1 9 4 85 25 7 49 50 2 2 100 
V365 0 73 186 13 4 2 0 2 80 66 7 48 53 9 2 97 
V366 1 65 124 9 15 2 1 2 100 100 7 42 47 5 2 30 
V367 1 63 115 7.5 70 3 3 3 97 130 7 50 51 5 2 65 
V368 1 66 200 8 10 1 7 2 100 20 7 50 55 8 3 50 
V369 1 65 110 8 10 2 0 1 80 5 7 41 44 8 1 90 
V370 0 70 170 9.5 4 1 1 1 75 50 7 46 50 8 2 100 
V371 1 68 128 9.5 12 1 0 2 85 10 7 48 51 8 1 95 
V372 1 67 145 9 23 2 3 1 95 97 7 43 44 1 1 10 
V373 1 62 133 7.5 17 2 3 3 97 0 7 47 47 3 1 60 
V374 1 67 112 7 24 1 1 4 93 0 7 48 47 3 2 90 
V375 0 66 175 10 5 2 3 1 120 0 7 45 44 4 0 90 
V376 1 63 105 7.5 15 2 1 0 110 200 7 56 49 8 2 50 
V377 1 64 140 6.5 13 1 2 1 75 300 7 48 54 3 2 50 
V378 1 63 140 7.5 14 4 3 1 80 22 7 51 47 8 2 92 
V379 1 68 115 8.5 25 2 2 4 90 20 7 56 60 6 4 90 
V380 0 71 123 9.5 9 4 0 1 130 107 7 48 49 6 0 20 
V381 1 65 115 8 6 1 5 1 80 26 7 44 45 1 0 90 
V382 1 64 155 7 50 1 3 3 100 45 7 41 42 2 2 70 
V383 1 70 175 9.5 30 2 1 3 115 0 7 58 57 5 4 50 
V384 0 69 132 8.5 5 1 0 2 95 20 7 45 51 8 5 25 
V385 0 67 151 9.5 8 1 1 1 93 100 7 50 50 8 3 50 
V386 0 72 160 10 12 2 4 3 100 15 7 50 51 9 5 10 
V387 0 71 165 10.5 7 2 6 1 85 100 7 50 53 4 2 50 
V388 1 60 121 5.5 13 2 1 1 85 42 7 53 53 3 2 50 
V389 1 63 145 8 20 4 7 2 87 20 7 48 48 4 2 60 
V390 1 63 125 7.5 15 1 0 3 75 60 7 55 60 9 2 50 
V391 1 63 125 8 26 1 3 1 112 17 7 52 50 3 1 50 
V392 0 74 145 12 2 2 8 3 45 105 7 50 62 6 2 100 
V393 1 68 150 10.5 12 3 2 2 85 21 7 51 53 4 2 75 
V394 1 66 136 7.5 6 2 3 0 100 0 7 40 41 1 1 25 
V395 1 68 135 11 10 2 4 3 90 10 7 57 57 8 2 100 
V396 1 70 155 10 8 4 2 2 90 25 7 51 54 4 1 50 
V397 0 71 170 12 5 1 1 3 80 200 7 49 49 4 3 95 
V398 0 75 230 12.5 10 1 1 2 90 40 7 52 53 7 2 25 
V399 0 68 150 11 10 4 4 1 110 200 7 50 50 10 5 5 
V400 0 68 155 8.5 3 1 0 2 110 5 7 40 48 1 6 20 
V401 1 64 118 7.5 20 1 0 1 85 30 7 49 55 4 1 95 
V402 1 64 120 6.5 20 1 0 2 80 0 7 57 52 5 2 100 
V403 1 66 180 10 8 1 1 2 100 200 7 53 56 6 2 60 
V404 0 67 205 11.5 5 2 6 2 120 50 7 57 56 2 4 20 
V405 0 72 205 11 3 3 2 5 100 0 7 48 49 3 1 30 
V406 0 68 150 10 2 2 6 4 120 10 7 50 51 5 5 60 
V407 0 73 260 13 4 2 1 2 70 108 7 41 41 5 1 70 
V408 1 63 120 7.5 10 4 2 3 90 25 7 53 54 2 1 80 
V409 1 67 150 9 20 1 3 1 90 0 7 44 46 3 1 100 
V410 1 66 116 8 20 2 2 1 90 45 7 48 49 2 1 60 
V411 1 67 126 8 5 1 1 1 130 200 7 47 51 3 2 10 
V412 1 65 130 8 15 2 1 3 80 20 7 49 51 3 1 50 
V413 1 63 108 5.5 100 2 4 0 40 50 7 49 47 3 1 60 
V414 1 61 138 7 10 2 6 6 85 0 7 54 63 8 1 50 
V415 0 69 222 10 2 1 0 1 105 150 7 51 54 10 2 50 
V416 1 64 115 7.5 10 1 2 1 90 43 7 58 58 5 2 90 
V417 1 69 115 6 10 2 10 1 92 20 7 47 65 7 0 75 
V418 1 60 98 5.5 20 2 0 2 60 5 7 56 65 3 6 25 
V419 1 67 125 7.5 12 2 2 2 100 19 7 47 46 2 4 15 
V420 0 67 155 10.5 8 1 1 1 90 87 7 40 39 9 2 50 
V421 1 62 150 8 3 1 3 2 60 10 7 43 44 7 2 100 
V422 1 66 136 9.5 12 2 6 3 100 15 7 57 62 3 3 100 
V423 1 66 150 9 10 1 2 1 110 11 7 44 48 3 2 5 
V424 1 64 150 8 25 2 2 1 110 40 7 52 52 4 2 50 
V425 1 64 110 7.5 24 1 1 3 70 20 7 49 49 2 2 100 
V426 1 68 147 9.5 30 2 0 0 85 50 7.5 55 57 2 2 25 
V427 0 74 275 13 5 2 0 2 80 30 7.5 50 53 8 2 50 
V428 1 65 109 8 23 2 0 2 108 95 7.5 49 59 8 1 15 
V429 1 63 122 8 15 2 0 2 95 46 7.5 45 61 9 1 50 
V430 0 72 188 10 14 2 5 2 125 2 7.5 45 46 2 5 15 
V431 1 66 145 8.5 14 3 18 3 93 71 7.5 47 47 6 2 50 
V432 1 68 124 8.5 35 1 7 1 90 0 7.5 51 56 8 4 100 
V433 1 67 130 8 15 1 7 5 92 25 7.5 37 41 8 2 75 
V434 1 64 130 8.5 10 1 0 1 70 150 7.5 51 51 4 1 20 
V435 0 70 155 10.5 8 3 1 2 90 50 7.5 47 48 5 6 90 
V436 1 64 112 8.5 18 1 3 2 95 61 7.5 44 49 5 5 80 
V437 1 67 120 7.5 15 1 3 2 87 22 7.5 52 52 3 3 45 
V438 1 63 142 8 20 2 4 1 110 0 7.5 44 45 5 0 75 
V439 0 72 225 13 4 1 0 3 95 25 7.5 47 47 3 2 50 
V440 0 71 160 11 9 2 4 1 90 1 7.5 54 49 5 2 50 
V441 0 67 135 9.5 6 1 0 1 75 45 7.5 51 56 4 3 30 
V442 0 70 175 11 6 2 0 2 110 0 7.5 51 52 3 1 100 
V443 0 68 180 11 4 4 1 1 44 8 7.5 50 54 10 2 95 
V444 0 71 265 13 3 1 3 2 95 62 7.5 50 55 5 2 100 
V445 1 62 120 7.5 20 2 7 2 90 60 7.5 37 39 10 2 100 
V446 1 65 125 7.5 15 3 10 3 96 120 7.5 48 46 6 1 16 
V447 1 64 130 8 12 1 1 1 100 20 7.5 57 53 3 1 100 
V448 1 64 120 7 16 3 8 0 87 35 7.5 45 50 6 2 65 
V449 1 61 115 6 15 1 2 2 90 50 7.5 47 48 9 3 80 
V450 0 72 170 9.5 10 2 0 0 30 150 7.5 50 54 1 6 15 
V451 1 65 113 8 10 1 1 2 70 35 7.5 50 50 7 2 90 
V452 1 77 94 7 7 2 0 2 20 88 7.5 46 49 1 1 30 
V453 1 65 122 8 12 3 2 2 80 45 7.5 55 63 2 1 75 
V454 1 63 120 7 16 1 5 1 95 5 7.5 39 38 2 2 100 
V455 0 66 159 9.5 3 2 0 1 77 25 7.5 50 54 1 2 100 
V456 0 71 187 10 3 2 4 1 115 300 7.5 53 53 7 5 5 
V457 0 69 232 11.5 2 2 0 1 70 12 7.5 43 50 2 4 10 
V458 0 66 110 8.5 8 2 0 0 100 10 7.5 46 60 3 2 75 
V459 1 66 134 8.5 10 1 0 1 105 35 7.5 50 49 8 1 25 
V460 1 66 130 7.5 15 1 1 1 85 0 7.5 45 45 2 2 50 
V461 0 78 245 14 9 1 1 1 95 200 7.5 53 51 10 1 100 
V462 1 68 160 9 11 2 7 5 90 60 7.5 41 55 6 4 90 
V463 1 62 120 6 9 2 17 4 135 9 7.5 56 52 10 3 99 
V464 0 69 145 9.5 8 3 2 2 85 37 7.5 55 59 8 1 50 
V465 0 71 165 11 5 1 2 2 95 80 7.5 53 54 5 2 100 
V466 0 68 160 10 4 2 3 1 90 10 7.5 52 52 4 5 25 
V467 1 68 155 9.5 14 2 3 2 80 50 7.5 47 49 3 2 50 
V468 0 71 216 11 12 2 2 1 128 104 7.5 50 50 3 6 40 
V469 1 60 107 5.5 10 2 1 1 70 80 7.5 51 47 5 2 50 
V470 0 74 176 13 5 1 0 1 100 3 7.5 53 54 5 2 75 
V471 0 67 155 10 4 3 2 1 90 40 7.5 51 52 6 5 75 
V472 1 67 145 8.5 10 2 3 2 80 45 7.5 50 50 2 2 75 
V473 0 72 210 13 20 2 0 2 90 20 7.5 57 58 6 4 90 
V474 1 64 120 8.5 14 1 1 1 85 52 7.5 45 51 3 1 90 
V475 0 74 200 13 9 1 12 4 45 13 7.5 49 54 4 4 60 
V476 0 76 245 14 7 1 1 3 115 53 7.5 52 51 6 1 95 
V477 1 63 115 8 10 1 4 1 100 22 7.5 50 56 8 2 50 
V478 0 72 180 11 4 4 1 5 110 150 7.5 40 55 4 2 75 
V479 1 64 140 7.5 20 1 2 0 85 53 7.5 47 49 8 1 10 
V480 0 73 178 11.5 6 2 10 3 120 27 7.5 37 39 2 1 90 
V481 1 63 139 5.5 9 4 2 1 110 20 7.5 53 52 4 1 100 
V482 1 70 148 8.5 12 2 4 1 90 0 7.5 42 49 9 2 100 
V483 1 64 138 8.5 14 2 0 2 84 200 7.5 39 45 3 2 100 
V484 1 63 137 8.5 10 2 1 3 80 8 7.5 39 38 6 2 34 
V485 1 67 150 9.5 9 2 1 1 88 35 7.5 47 63 4 2 45 
V486 1 63 180 7 5 2 2 5 37 13 7.5 49 48 3 1 90 
V487 1 60 113 7 18 2 0 4 90 52 7.5 48 49 10 3 100 
V488 0 68 195 11.5 5 1 1 2 75 20 7.5 51 62 4 1 50 
V489 0 71 145 10 4 2 2 0 75 150 7.5 58 58 3 3 25 
V490 0 73 180 10.5 6 1 0 3 45 200 7.5 41 41 5 1 100 
V491 1 61 116 6.5 15 3 4 2 85 27 7.5 49 50 10 3 30 
V492 1 64 125 9 7 3 0 1 75 50 7.5 51 53 8 2 20 
V493 1 66 140 9.5 16 2 8 0 75 40 7.5 55 63 9 2 80 
V494 1 64 115 10 10 4 12 1 90 10 7.5 55 63 4 2 100 
V495 0 72 227 11 3 4 4 3 100 15 7.5 51 53 4 1 100 
V496 1 60 114 6.5 25 3 1 3 85 40 7.5 46 55 5 2 85 
V497 1 68 185 9.5 20 2 1 1 85 5 7.5 43 43 8 2 4 
V498 0 71 190 11.5 9 1 0 1 128 40 7.5 50 49 4 2 75 
V499 1 62 95 6 20 4 1 2 85 50 7.5 52 52 2 1 50 
V500 1 66 128 8 15 2 5 4 80 5 7.5 57 65 3 2 40 
V501 1 68 119 8 40 1 1 1 90 15 7.5 49 51 4 1 75 
V502 1 62 128 8.5 8 2 1 5 40 60 7.5 41 43 2 4 100 
V503 0 69 230 13 7 1 0 1 93 27 7.5 48 53 6 2 3 
V504 1 64 148 9 13 2 0 1 95 5 7.5 51 54 4 1 20 
V505 1 64 122 7 20 3 1 1 80 15 7.5 39 40 2 2 25 
V506 1 61 106 6 15 3 5 1 95 1 8 52 54 9 3 50 
V507 0 71 147 11 4 1 1 1 88 45 8 52 52 9 2 60 
V508 1 63 108 8.5 15 2 0 3 90 20 8 50 52 6 2 80 
V509 1 68 160 10 14 4 0 0 80 100 8 51 61 4 5 100 
V510 1 65 140 9 7 2 1 1 75 2 8 45 50 3 2 100 
V511 1 62 132 6 22 1 1 1 92 16 8 51 51 8 1 50 
V512 1 63 135 9 30 3 2 1 95 22 8 59 57 9 2 20 
V513 1 66 135 8 21 1 4 1 90 44 8 52 52 4 2 78 
V514 0 68 174 9 5 1 0 2 101 0 8 51 51 4 2 26 
V515 0 72 175 11 7 2 2 1 70 84 8 48 52 6 1 30 
V516 1 68 118 7.5 20 3 4 2 110 20 8 51 53 4 4 50 
V517 0 72 145 8.5 5 2 3 1 30 10 8 51 53 3 2 100 
V518 1 65 120 8.5 15 2 2 2 85 140 8 46 60 4 1 50 
V519 1 62 101 6.5 13 4 0 1 80 0 8 52 59 6 1 75 
V520 1 65 127 9.5 20 2 1 2 90 30 8 57 58 9 2 50 
V521 1 63 125 8 9 4 0 1 80 15 8 55 52 6 2 50 
V522 1 64 135 8 30 1 1 2 80 100 8 53 52 2 5 100 
V523 1 63 140 7.5 15 3 2 1 115 30 8 46 46 8 1 100 
V524 1 66 140 8 10 1 2 2 90 10 8 49 55 10 2 50 
V525 1 61 105 7 13 1 1 1 81 15 8 50 52 4 3 1 
V526 1 63 133 8 15 3 1 0 60 120 8 48 49 8 2 20 
V527 0 67 140 10 3 1 0 2 90 12 8 47 48 8 4 90 
V528 1 66 160 8.5 26 1 0 2 101 17 8 47 49 8 3 30 
V529 1 64 149 8.5 20 1 2 1 80 35 8 49 55 9 2 45 
V530 1 66 210 9 13 3 6 4 95 2 8 51 53 3 5 50 
V531 0 73 240 13 4 2 0 1 100 5 8 50 54 4 2 28 
V532 1 67 129 9 20 1 2 2 90 25 8 48 49 4 2 95 
V533 1 64 155 8 10 2 30 2 115 6 8 50 57 8 2 100 
V534 1 64 115 6 20 4 7 2 100 0 8 50 56 1 2 50 
V535 1 65 100 5.5 40 2 1 1 80 700 8 53 57 5 6 10 
V536 1 67 100 7 100 3 1 2 90 80 8 47 50 8 1 50 
V537 0 68 160 10.5 3 1 3 1 115 35 8 39 44 2 5 2 
V538 1 65 160 8.5 16 3 0 2 90 15 8 46 55 5 2 80 
V539 0 72 154 10 10 2 2 1 130 150 8 52 57 1 2 30 
V540 1 59 146 8 24 2 8 4 85 18 8 55 53 3 4 100 
V541 1 71 250 12 25 3 30 1 90 200 8 50 54 9 2 85 
V542 1 66 125 7.5 30 1 1 1 95 40 8 49 50 6 2 100 
V543 1 68 124 6.5 25 2 7 1 90 45 8 51 55 8 3 50 
V544 1 66 115 8 30 2 3 2 90 40 8 50 51 6 2 20 
V545 1 67 164 8.5 21 2 4 2 40 500 8 50 52 1 2 50 
V546 1 64 113 7 7 1 0 2 90 0 8 45 55 10 2 60 
V547 0 68 130 9 3 1 1 1 100 12 8 50 49 4 3 45 
V548 1 64 125 7.5 60 2 9 5 90 4 8 52 50 3 2 100 
V549 1 66 122 9 20 1 5 1 74 10 8 43 45 3 1 60 
V550 1 61 96 6 15 2 3 0 85 200 8 41 45 6 2 20 
V551 1 62 110 5.5 40 2 3 1 90 70 8 48 49 6 4 50 
V552 1 66 128 7.5 17 2 6 4 100 5 8 45 41 3 1 70 
V553 1 65 115 8.5 31 1 3 1 90 120 8 56 64 4 2 70 
V554 1 64 120 6.5 11 2 0 1 90 85 8 51 51 8 2 60 
V555 1 65 130 8.5 12 2 0 2 100 41 8 52 55 8 1 100 
V556 1 72 140 11 14 3 13 2 100 0 8 59 60 8 2 50 
V557 1 64 118 8 7 1 1 1 90 300 8 47 48 2 2 40 
V558 1 65 140 7.5 30 1 1 1 100 3 8 50 57 2 2 75 
V559 0 72 206 10 3 1 0 2 110 140 8 46 52 8 1 80 
V560 1 67 134 7.5 12 2 6 2 97 7 8 50 64 6 2 70 
V561 0 67 180 11 6 2 0 1 115 50 8 54 50 8 2 75 
V562 0 69 172 9.5 4 2 2 2 110 150 8 56 56 5 2 50 
V563 1 68 130 8.5 15 3 15 1 85 20 8 51 53 6 1 0 
V564 0 72 180 12 3 2 0 3 120 50 8 48 60 7 2 50 
V565 0 72 167 13 6 2 2 1 93 48 8 47 50 6 2 92 
V566 0 71 158 10 2 2 0 1 82 7 8 59 57 6 1 80 
V567 1 62 115 6.5 10 2 0 2 60 20 8 45 50 3 2 40 
V568 0 70 170 10.5 5 1 3 4 105 0 8 49 52 10 6 100 
V569 1 65 125 7.5 8 2 5 2 35 70 8 46 46 10 2 100 
V570 1 64 130 8 8 4 0 0 65 40 8 45 53 1 6 25 
V571 1 58 110 7.5 30 1 1 1 80 0 8 48 48 8 2 75 
V572 1 62 150 7.5 30 2 0 3 103 20 8 53 53 4 6 90 
V573 0 70 215 12 6 2 2 1 110 32 8 53 53 5 4 10 
V574 1 69 145 9.5 14 1 3 2 95 80 8 47 50 6 1 50 
V575 1 64 100 6.5 17 1 2 1 90 33 8 49 51 4 2 50 
V576 1 62 104 7 15 1 1 2 85 30 8 55 61 2 1 60 
V577 0 65 135 9 4 2 9 3 70 300 8 58 65 4 2 20 
V578 0 68 164 11 12 1 0 0 83 110 8 44 44 8 1 50 
V579 1 62 104 6.5 40 3 4 1 91 30 8 65 64 8 1 50 
V580 1 75 175 12 12 1 11 3 100 1 8 44 43 6 2 100 
V581 1 65 130 8 30 4 10 3 95 1 8 45 47 5 3 10 
V582 0 64 120 7 4 2 1 1 75 100 8 51 52 5 5 75 
V583 1 66 135 8.5 34 1 1 1 95 110 8 48 57 3 2 50 
V584 1 67 135 8.5 20 1 3 1 105 86 8 46 47 6 1 6 
V585 1 63 135 8 12 2 0 2 80 40 8 46 51 5 3 100 
V586 1 66 145 8.5 15 3 4 1 85 12 8 50 52 2 2 30 
V587 0 75 145 11 3 1 2 2 70 200 8 42 46 5 2 70 
V588 1 67 170 9.5 8 2 0 1 100 100 8 52 50 3 2 25 
V589 1 64 130 8 10 1 1 2 100 40 8 56 56 8 2 90 
V590 1 67 252 9.5 10 4 8 2 85 40 8 46 47 2 3 100 
V591 1 67 120 7 12 1 1 1 80 45 8 52 51 8 2 10 
V592 1 66 145 8 6 2 2 1 85 10 8 49 56 3 2 60 
V593 0 70 166 9.5 7 1 1 1 120 26 8 51 50 4 3 50 
V594 0 69 177 11 5 2 0 2 97 0 8 56 56 9 1 90 
V595 0 70 205 10.5 10 1 1 0 90 120 8 43 45 8 3 63 
V596 1 67 145 9 24 2 3 1 90 200 8 62 60 9 1 100 
V597 1 66 164 9.5 12 2 1 2 90 10 8 43 42 2 1 75 
V598 0 72 155 11 2 2 1 2 120 150 8 46 47 1 1 80 
V599 0 69 102 11 6 2 0 0 40 110 8 49 49 2 3 0 
V600 1 64 117 8 35 2 2 0 120 130 8 52 52 8 2 75 
V601 1 65 140 8 15 2 2 6 100 25 8 50 51 5 2 100 
V602 1 61 124 7 15 1 0 3 95 30 8 47 47 5 1 100 
V603 0 74 245 13 3 2 3 1 95 59 8 49 49 8 2 50 
V604 1 68 127 10 20 2 1 1 70 150 8 53 54 6 2 80 
V605 1 69 155 9.5 20 2 4 5 90 1000 8 58 65 8 2 50 
V606 1 64 133 10 20 3 10 1 90 3 8 46 49 6 1 100 
V607 1 62 150 8 20 2 3 1 90 40 8 48 49 3 3 60 
V608 1 68 170 10 25 2 1 1 105 150 8 54 55 5 1 100 
V609 0 67 128 12 6 1 0 1 100 70 8 44 46 8 2 20 
V610 1 64 125 8.5 15 2 5 3 75 73 8 50 53 1 1 28 
V611 1 70 140 8 15 1 2 1 135 5 8 50 50 6 2 0 
V612 1 69 120 8.5 6 3 0 2 80 20 8 51 52 1 1 25 
V613 1 62 100 7 7 2 3 2 80 6 8 40 44 3 1 50 
V614 1 65 105 7 50 4 3 2 90 10 8 45 45 7 1 10 
V615 0 71 155 11 5 3 0 1 100 20 8 46 59 1 2 50 
V616 0 81 215 15 3 1 0 2 75 60 8 42 43 10 1 90 
V617 1 64 110 6.5 50 1 2 1 75 74 8 45 46 4 1 50 
V618 1 62 100 7.5 10 2 1 1 60 20 8 53 62 6 1 95 
V619 0 68 118 9 5 1 0 1 75 35 8 43 48 2 2 100 
V620 1 63 110 7 9 1 2 2 110 10 8 55 57 5 4 10 
V621 1 65 120 8.5 30 1 0 0 40 1 8 42 45 8 4 25 
V622 0 73 255 13 12 2 4 5 130 0 8 44 46 2 1 75 
V623 1 61 110 7 18 1 0 2 80 200 8 51 54 8 4 75 
V624 0 75 220 13 3 4 5 2 92 80 8 49 58 4 1 25 
V625 1 65 120 9 10 1 1 0 80 80 8 46 46 3 2 40 
V626 1 63 178 9.5 7 2 16 5 73 4 8 40 41 3 2 100 
V627 1 66 150 10 14 2 0 1 85 8 8 51 56 9 2 75 
V628 1 61 114 6 20 2 2 1 92 0 8 50 52 5 2 50 
V629 1 61 152 7 8 1 4 3 85 32 8 51 53 9 1 25 
V630 1 65 117 6.5 60 4 2 2 95 100 8 47 47 4 5 50 
V631 1 63 103 7 25 2 4 0 81 200 8 57 58 6 2 90 
V632 1 68 165 9 20 1 0 2 80 3 8 45 55 9 2 85 
V633 1 66 140 8 12 1 0 3 115 60 8 48 51 6 5 20 
V634 1 66 150 9.5 30 1 3 9 70 2 8 40 53 7 2 75 
V635 1 60 110 6 30 2 0 2 90 30 8 50 50 4 4 55 
V636 1 65 135 7 10 1 2 1 65 110 8 50 53 6 2 50 
V637 0 71 210 10.5 9 4 0 2 120 20 8 52 55 8 2 90 
V638 0 69 155 10 10 1 2 1 95 50 8 44 45 4 2 10 
V639 0 64 145 10 4 2 9 3 60 100 8 55 62 3 6 5 
V640 1 67 125 8 16 2 5 3 80 23 8 53 51 4 2 40 
V641 0 71 150 10.5 7 2 2 3 110 0 8 53 54 5 1 100 
V642 1 66 120 9 21 3 4 1 85 19 8 53 54 8 2 15 
V643 1 64 140 7.5 15 2 1 1 90 8 8 53 53 6 2 50 
V644 1 63 130 7.5 22 1 2 1 85 20 8 46 47 9 1 90 
V645 1 59 114 5.5 15 2 0 1 80 140 8.5 53 52 2 2 15 
V646 0 70 170 9.5 7 3 3 1 148 25 8.5 41 45 9 6 10 
V647 0 73 180 13.5 4 2 1 4 95 7 8.5 60 63 10 1 100 
V648 1 63 138 7.5 15 2 0 2 92 200 8.5 46 53 3 2 75 
V649 1 61 106 7 12 2 5 1 95 10 8.5 52 51 8 2 80 
V650 1 66 157 9.5 30 4 1 1 98 60 8.5 52 52 8 3 90 
V651 0 72 145 11 7 2 3 1 100 60 8.5 44 48 9 2 25 
V652 1 63 135 9 15 2 2 1 110 20 8.5 53 54 5 2 75 
V653 1 63 95 7.5 12 1 3 1 60 75 8.5 51 51 10 2 25 
V654 0 74 200 13 14 2 0 4 82 17 8.5 55 60 3 2 60 
V655 1 63 135 7 14 4 1 2 90 300 8.5 52 54 1 2 50 
V656 1 67 110 7 25 1 0 1 100 3 8.5 49 46 4 2 50 
V657 1 66 138 9.5 5 2 4 1 100 5 8.5 51 53 8 4 50 
V658 0 72 130 11.5 6 1 0 2 140 300 8.5 56 58 4 3 80 
V659 1 62 110 7.5 19 2 0 4 60 0 8.5 54 64 5 2 75 
V660 1 69 135 8.5 27 4 12 2 115 0 8.5 55 54 5 3 5 
V661 1 67 140 9 30 2 12 2 85 0 8.5 61 61 9 2 60 
V662 1 75 120 7.5 16 2 5 2 115 200 8.5 50 50 7 2 50 
V663 1 69 145 9 20 2 4 1 115 80 8.5 50 54 8 1 60 
V664 1 65 160 9 7 2 5 2 103 0 8.5 40 47 9 2 85 
V665 0 72 197 12 2 2 4 3 120 300 8.5 52 50 10 1 100 
V666 1 69 160 8.5 13 1 5 1 80 11 8.5 53 51 8 2 70 
V667 1 67 140 8.5 5 2 1 0 100 5 8.5 37 35 8 2 50 
V668 1 63 121 6.5 11 2 6 1 90 0 8.5 63 60 8 2 100 
V669 1 64 125 8.5 15 1 2 3 90 50 8.5 45 57 2 2 80 
V670 1 64 121 8.5 11 2 1 0 65 13 8.5 45 65 10 2 17 
V671 1 63 160 8.5 10 3 2 1 60 18 8.5 39 42 8 2 60 
V672 1 64 140 8 14 2 1 1 80 200 8.5 47 49 2 2 15 
V673 0 67 138 9 2 1 0 1 70 40 8.5 50 52 8 2 20 
V674 1 63 137 7.5 12 1 10 2 90 38 8.5 39 40 6 1 10 
V675 0 67 160 9 7 3 1 3 110 2 8.5 53 56 3 2 45 
V676 1 69 124 8.5 11 4 2 3 95 12 8.5 62 65 2 2 50 
V677 1 63 120 7 15 3 5 3 105 7 8.5 56 64 1 1 75 
V678 0 75 195 12 1 1 2 1 60 96 9 57 57 7 2 50 
V679 1 68 154 8.5 10 4 0 1 100 42 9 51 52 9 2 100 
V680 0 76 200 13 1 2 3 2 120 300 9 55 56 8 3 50 
V681 1 64 130 8 18 1 2 2 80 35 9 50 49 3 1 85 
V682 1 73 175 11 6 4 2 1 100 50 9 53 56 4 1 100 
V683 1 69 145 8.5 12 2 0 2 100 40 9 47 49 2 2 95 
V684 1 61 130 4 40 3 4 2 90 150 9 50 52 8 2 80 
V685 0 68 140 7 3 1 1 1 80 32 9 49 54 10 3 1 
V686 1 70 200 10.5 4 2 2 3 100 150 9 50 50 5 2 90 
V687 0 76 180 15 20 2 0 3 110 0 9 52 50 2 2 100 
V688 0 72 186 11 4 4 7 2 115 26 9 54 52 4 5 80 
V689 0 67 120 8.5 6 2 1 1 30 20 9 55 57 3 1 10 
V690 1 61 102 6 27 1 3 2 80 29 9 44 44 4 2 90 
V691 1 63 115 8.5 30 1 3 2 85 28 9 52 55 2 2 50 
V692 1 63 97 6.5 10 2 0 1 20 100 9 50 56 3 1 50 
V693 1 64 114 6.5 8 1 2 1 70 75 9 47 48 5 1 75 
V694 1 63 110 7 6 1 0 2 85 50 9 42 53 9 1 50 
V695 0 72 155 11 5 1 1 3 85 120 9 55 55 5 5 40 
V696 1 69 164 9.5 17 2 3 3 101 34 9 50 51 3 2 89 
V697 1 63 99 6.5 5 1 4 1 50 200 9 46 47 2 3 15 
V698 1 65 138 9 20 1 6 1 110 5 9 46 46 8 1 50 
V699 1 70 100 8 27 1 6 3 84 140 9 49 48 4 2 95 
V700 1 67 135 9 70 2 2 0 101 17 9 56 57 8 2 60 
V701 1 67 129 7 13 1 1 2 110 69 9.5 46 46 6 1 5 
V702 1 78 190 14 25 1 5 2 90 50 9.5 51 52 9 2 70 
V703 0 73 180 11.5 8 4 7 1 95 20 9.5 55 48 3 1 50 
V704 1 62 115 6.5 25 3 7 4 80 8 9.5 45 56 5 2 50 
V705 1 69 130 9 23 1 4 1 90 10 10 50 50 4 2 50 
V706 1 65 145 8.5 15 2 3 1 95 31 10 49 51 4 3 85 
V707 1 63 145 9 10 1 4 1 87 95 10 46 51 8 2 30 
V708 0 73 165 10 10 2 1 0 140 13 10 46 51 3 1 21 
V709 1 66 206 8.5 14 2 2 1 77 60 10 46 47 6 1 40 
V710 1 68 140 10.5 10 2 1 3 110 300 10 56 55 6 1 85 
V711 0 71 170 9.5 17 2 1 1 108 25 11.5 52 52 5 3 20 
V712 1 65 123 8 18 1 2 2 102 57 7 53 52 6 2 18 
