 Gender(0=Male;1=Female;) Height Weight GenderxHgt HeightZ WeightZ Shoe_Size Shoe_Number GenderxShoe_Size Year(1=Fresh;2=Soph;3=Jun;4=Sen;5=V5;) Pets Sibs Speed Cash Sleep Mother_age Father_age Random_Number Love(0=V0;1=V1;2=few;3=dozens;4=hundreds;5=thousands;6=millions;) Charity 
V1 0 75 150 0 2.035273369 0.053020328 11 10 0 2 1 1 100 2 5 41 41 2 4 15 
V2 1 67 135 67 0.019652305 -0.428690709 8 16 8 1 0 1 80 27 7.5 45 46 7 3 100 
V3 1 63 125 63 -0.988158226 -0.749831401 7.5 20 7.5 3 15 3 60 2 7 45 49 5 2 25 
V4 1 68 145 68 0.271604938 -0.107550018 9 14 9 2 0 2 90 20 6.5 59 60 7 0 50 
V5 1 65 150 65 -0.48425296 0.053020328 8.5 50 8.5 2 1 1 90 20 7 49 52 5 1 100 
V6 1 66 140 66 -0.232300328 -0.268120364 8 50 8 2 20 3 90 55 6.5 39 42 10 2 10 
V7 1 68 149 68 0.271604938 0.020906259 8.5 15 8.5 2 0 3 90 3 6 53 53 4 2 50 
V8 1 68 172 68 0.271604938 0.75952985 10 22 10 2 1 2 90 45 7.5 49 50 8 2 50 
V9 0 74 155 0 1.783320736 0.213590674 10 6 0 2 1 0 85 5 7.5 50 50 4 1 25 
V10 0 72 163 0 1.27941547 0.470503227 10.5 7 0 4 0 10 53 14 7.5 47 60 7 1 100 
V11 0 75 155 0 2.035273369 0.213590674 12 5 0 2 0 2 82 20 7.5 52 52 7 2 65 
V12 1 69 155 69 0.523557571 0.213590674 9 30 9 2 1 1 105 20 7 57 59 3 5 20 
V13 0 73 184 0 1.531368103 1.14489868 12 6 0 2 3 2 120 15 6.5 50 56 6 2 45 
V14 0 69 160 0 0.523557571 0.37416102 9.5 6 0 1 1 1 95 11 5 54 57 3 2 100 
V15 1 63 107 63 -0.988158226 -1.327884646 6 15 6 2 2 2 75 8 8 54 53 2 2 30 
V16 1 64 150 64 -0.736205593 0.053020328 7.5 62 7.5 2 7 2 101 1000 7.5 45 47 7 4 85 
V17 0 68 166 0 0.271604938 0.566845435 10.5 8 0 3 7 1 90 45 7.5 57 55 7 6 60 
V18 0 72 145 0 1.27941547 -0.107550018 10 3 0 2 0 1 85 50 9 48 49 2 3 40 
V19 0 71 176 0 1.027462837 0.887986127 11 10 0 3 4 1 157 80 5 56 55 7 2 20 
V20 0 74 165 0 1.783320736 0.534731366 13 6 0 3 4 3 125 2 5 56 58 6 2 90 
V21 1 67 110 67 0.019652305 -1.231542439 7.5 10 7.5 2 0 1 100 23 7 49 56 6 5 50 
V22 1 59 105 59 -1.995968758 -1.392112785 5.5 20 5.5 2 0 2 95 25 6 52 56 4 2 100 
V23 0 67 145 0 0.019652305 -0.107550018 10 5 0 2 1 5 100 42 7 53 54 3 2 5 
V24 0 71 190 0 1.027462837 1.337583095 12 10 0 2 5 1 115 10 6.5 47 51 7 3 65 
V25 0 71 197 0 1.027462837 1.562381579 10.5 5 0 2 2 1 110 40 7 54 50 5 3 0 
V26 1 68 120 68 0.271604938 -0.910401747 8 10 8 2 10 3 110 3 6 53 55 4 3 10 
V27 0 69 205 0 0.523557571 1.819294133 10.5 4 0 2 0 1 94 10 8 46 47 4 2 18 
V28 1 67 135 67 0.019652305 -0.428690709 7.5 15 7.5 2 4 2 100 0 7 59 63 6 5 90 
V29 1 68 132 68 0.271604938 -0.525032917 8.5 15 8.5 2 1 3 120 0 7 49 50 6 1 25 
V30 0 67 146 0 0.019652305 -0.075435948 8.5 9 0 3 1 1 60 24 6.5 49 54 7 1 25 
V31 1 63 145 63 -0.988158226 -0.107550018 7.5 22 7.5 2 4 1 122 120 8 47 44 2 1 80 
V32 1 68 150 68 0.271604938 0.053020328 9 30 9 2 3 0 100 140 5 54 60 5 2 10 
V33 1 63 120 63 -0.988158226 -0.910401747 5.5 7 5.5 3 7 1 90 1 6 44 46 2 1 100 
V34 0 71 146 0 1.027462837 -0.075435948 12 9 0 2 5 5 128 12 5 37 35 5 2 100 
V35 1 64 135 64 -0.736205593 -0.428690709 7.5 12 7.5 4 5 2 105 0 6.5 59 57 8 1 50 
V36 1 63 118 63 -0.988158226 -0.974629885 7 12 7 2 1 1 60 38 8.5 41 50 6 1 20 
V37 0 74 170 0 1.783320736 0.695301712 11 6 0 2 0 1 100 40 8 43 45 8 1 0 
V38 0 64 135 0 -0.736205593 -0.428690709 9 4 0 3 0 1 115 400 6 48 49 5 4 50 
V39 1 64 175 64 -0.736205593 0.855872058 8 5 8 3 1 2 90 9 6.5 42 50 6 0 97 
V40 1 67 170 67 0.019652305 0.695301712 8.5 35 8.5 2 2 2 90 25 6 50 57 6 2 50 
V41 0 70 130 0 0.775510204 -0.589261055 11.5 7 0 2 4 4 105 4 5 53 58 7 5 30 
V42 0 68 157 0 0.271604938 0.277818812 8.5 4 0 4 5 2 107 3 6 51 51 8 2 10 
V43 1 62 120 62 -1.240110859 -0.910401747 8 30 8 2 1 2 100 45 8.5 45 45 2 2 99 
V44 1 63 140 63 -0.988158226 -0.268120364 9.5 8 9.5 2 1 2 90 60 8.5 51 55 8 2 100 
V45 1 64 123 64 -0.736205593 -0.814059539 7.5 15 7.5 2 3 2 60 0 7.5 47 47 7 2 70 
V46 0 74 200 0 1.783320736 1.658723787 15 3 0 2 8 1 110 2 7 53 60 5 1 100 
V47 0 74 160 0 1.783320736 0.37416102 11 6 0 2 1 1 110 38 8 47 52 2 3 50 
V48 0 74 190 0 1.783320736 1.337583095 12.5 7 0 2 1 2 120 3 8 45 50 8 0 0 
V49 1 65 126 65 -0.48425296 -0.717717332 7 18 7 2 3 1 50 30 7 48 52 7 2 10 
V50 1 64 132 64 -0.736205593 -0.525032917 8.5 11 8.5 3 5 0 111 11 7 47 52 8 5 15 
V51 1 72 159 72 1.27941547 0.342046951 10 10 10 4 3 2 40 1 5 55 54 4 3 100 
V52 1 59 110 59 -1.995968758 -1.231542439 7 18 7 2 1 1 87 1 7 46 50 7 0 90 
V53 0 72 155 0 1.27941547 0.213590674 11 5 0 2 0 2 90 30 7.5 53 54 7 3 25 
V54 0 72 190 0 1.27941547 1.337583095 11.5 7 0 2 1 2 120 5 7 46 46 4 6 0 
V55 1 65 125 65 -0.48425296 -0.749831401 9 10 9 3 6 3 100 100 6.5 47 57 7 2 95 
V56 1 67 250 67 0.019652305 3.264427246 12 4 12 2 2 4 85 23 7 39 40 5 4 75 
V57 1 64 118 64 -0.736205593 -0.974629885 9 4 9 4 1 3 98 25 6.5 53 54 4 2 95 
V58 1 62 128 62 -1.240110859 -0.653489194 6.5 10 6.5 2 1 0 80 40 7 35 35 5 2 80 
V59 1 67 135 67 0.019652305 -0.428690709 9.5 35 9.5 2 1 2 112 300 7 47 51 9 6 50 
V60 1 63 200 63 -0.988158226 1.658723787 7 30 7 3 0 4 95 10 7.5 46 50 3 2 10 
V61 0 71 148 0 1.027462837 -0.01120781 11 4 0 3 14 2 83 37 7 54 56 9 3 30 
V62 1 68 152 68 0.271604938 0.117248467 10 30 10 2 3 1 90 2 8 51 52 7 2 15 
V63 0 72 205 0 1.27941547 1.819294133 12 4 0 2 2 2 90 20 7 46 49 8 3 25 
V64 1 67 152 67 0.019652305 0.117248467 7.5 70 7.5 2 10 0 120 1 6.5 54 56 2 2 50 
V65 0 72 225 0 1.27941547 2.461575516 11.5 7 0 2 5 5 102 22 5.5 50 48 3 2 50 
V66 0 70 185 0 0.775510204 1.177012749 11 5 0 2 0 0 85 1 7 55 56 2 1 5 
V67 1 68 160 68 0.271604938 0.37416102 9 30 9 2 3 3 115 60 8 54 60 7 2 70 
V68 1 65 139 65 -0.48425296 -0.300234433 8.5 22 8.5 2 0 2 92 43 8 43 45 8 1 90 
V69 1 68 120 68 0.271604938 -0.910401747 7.5 17 7.5 2 0 1 95 72 6.5 48 51 2 2 60 
V70 1 69 163 69 0.523557571 0.470503227 9.5 15 9.5 3 3 2 99 69 7.5 50 52 3 1 2 
V71 0 67 125 0 0.019652305 -0.749831401 7.5 4 0 2 5 1 100 50 7.5 43 49 3 1 50 
V72 1 63 114 63 -0.988158226 -1.103086162 7 10 7 2 0 2 85 50 9 52 52 8 1 5 
V73 1 61 119 61 -1.492063492 -0.942515816 7.5 5 7.5 2 2 3 90 200 8 57 55 7 2 75 
V74 1 67 143 67 0.019652305 -0.171778156 8 25 8 2 6 1 90 12 5 51 56 7 2 75 
V75 1 61 150 61 -1.492063492 0.053020328 8 12 8 2 0 2 20 140 7 46 54 6 2 2 
V76 1 62 110 62 -1.240110859 -1.231542439 7.5 12 7.5 2 0 1 90 11 5 49 48 8 2 75 
V77 0 68 158 0 0.271604938 0.309932882 10 5 0 2 0 3 72 12 7 50 51 5 2 10 
V78 1 67 125 67 0.019652305 -0.749831401 7.5 15 7.5 2 1 1 90 60 5 48 47 9 4 75 
V79 1 72 161 72 1.27941547 0.406275089 10.5 35 10.5 3 1 2 100 11 7.5 48 48 7 1 60 
V80 1 60 118 60 -1.744016125 -0.974629885 6 15 6 2 5 3 30 0 7 48 55 1 2 50 
V81 1 66 150 66 -0.232300328 0.053020328 8.5 30 8.5 2 10 1 95 14 6.5 45 45 8 1 45 
V82 1 62 105 62 -1.240110859 -1.392112785 7 15 7 3 10 1 80 100 8 48 55 6 1 30 
V83 1 59 120 59 -1.995968758 -0.910401747 6 12 6 1 0 2 80 100 6.5 48 50 8 2 50 
V84 1 65 127 65 -0.48425296 -0.685603263 9.5 17 9.5 2 4 1 90 15 7.5 56 55 8 2 0 
V85 1 59 117 59 -1.995968758 -1.006743955 6 25 6 2 3 2 90 0 6 51 50 4 1 100 
V86 1 67 160 67 0.019652305 0.37416102 10 25 10 4 2 1 120 42 8 56 56 7 2 80 
V87 1 67 125 67 0.019652305 -0.749831401 8.5 40 8.5 2 30 3 100 2 6 55 56 7 2 40 
V88 1 67 148 67 0.019652305 -0.01120781 9.5 15 9.5 3 2 1 100 0 6.5 51 53 4 1 90 
V89 1 62 211 62 -1.240110859 2.011978548 9 7 9 2 0 2 95 1 5.5 48 58 5 2 20 
V90 1 68 135 68 0.271604938 -0.428690709 9 15 9 2 2 1 90 20 8.5 54 57 2 1 50 
V91 0 69 180 0 0.523557571 1.016442403 10.5 2 0 1 1 1 85 300 7.5 45 50 4 3 51 
V92 0 74 160 0 1.783320736 0.37416102 12.5 5 0 2 0 0 65 25 7.5 50 57 6 4 10 
V93 1 62 105 62 -1.240110859 -1.392112785 8 6 8 3 8 0 110 0 8 52 50 4 2 55 
V94 1 63 105 63 -0.988158226 -1.392112785 6.5 6 6.5 4 0 1 95 300 5 49 56 4 5 60 
V95 0 71 175 0 1.027462837 0.855872058 10 5 0 3 2 2 90 0 8 45 48 6 2 50 
V96 1 62 148 62 -1.240110859 -0.01120781 6 70 6 2 0 1 100 300 6 48 49 5 1 100 
V97 0 66 130 0 -0.232300328 -0.589261055 12 4 0 2 0 2 65 5 7 55 56 4 2 100 
V98 1 64 105 64 -0.736205593 -1.392112785 7.5 12 7.5 4 2 1 38 0 7 44 45 8 1 40 
V99 0 66 135 0 -0.232300328 -0.428690709 9 8 0 2 2 3 80 0 8 54 56 7 2 50 
V100 1 62 96 62 -1.240110859 -1.681139407 7 6 7 2 2 1 60 40 8 49 54 2 3 40 
V101 1 65 145 65 -0.48425296 -0.107550018 8.5 8 8.5 2 1 1 91 30 7 46 48 5 2 90 
V102 0 75 200 0 2.035273369 1.658723787 11.5 9 0 1 2 1 120 13 8 44 48 5 2 30 
V103 0 65 214 0 -0.48425296 2.108320755 10.5 4 0 2 4 3 105 54 7.5 62 62 6 2 40 
V104 0 74 190 0 1.783320736 1.337583095 14 6 0 2 0 2 20 5 5 39 40 1 4 10 
V105 1 68 185 68 0.271604938 1.177012749 9 20 9 2 3 1 86 15 6 47 48 5 1 85 
V106 0 70 145 0 0.775510204 -0.107550018 10.5 9 0 4 17 3 160 200 8 59 58 6 6 0 
V107 0 70 200 0 0.775510204 1.658723787 10 5 0 2 4 2 95 25 7 47 50 2 6 100 
V108 0 70 155 0 0.775510204 0.213590674 10 5 0 2 2 3 105 5 7.5 51 52 8 2 25 
V109 0 72 140 0 1.27941547 -0.268120364 10 5 0 2 2 3 90 10 7.5 51 50 3 5 40 
V110 1 60 120 60 -1.744016125 -0.910401747 6.5 30 6.5 3 2 2 110 80 6 57 55 10 2 50 
V111 1 67 130 67 0.019652305 -0.589261055 8 6 8 3 3 3 85 0 8 53 65 3 2 90 
V112 1 66 144 66 -0.232300328 -0.139664087 8 18 8 2 2 1 85 15 7 54 54 3 5 100 
V113 0 75 290 0 2.035273369 4.548990013 13 8 0 2 1 1 90 3 6.5 52 50 7 2 5 
V114 1 66 133 66 -0.232300328 -0.492918848 9.5 40 9.5 2 2 2 90 30 7 45 45 8 2 90 
V115 0 73 170 0 1.531368103 0.695301712 13 4 0 2 3 2 70 18 7 50 56 6 4 50 
V116 1 70 300 70 0.775510204 4.870130704 10.5 5 10.5 2 2 2 80 50 7.5 40 45 7 4 100 
V117 1 64 135 64 -0.736205593 -0.428690709 7 15 7 2 3 1 100 90 9 44 46 4 1 20 
V118 1 66 128 66 -0.232300328 -0.653489194 8 35 8 2 4 1 105 80 8 42 42 8 2 90 
V119 1 63 135 63 -0.988158226 -0.428690709 7 16 7 2 0 2 90 38 7 43 42 7 2 20 
V120 1 63 150 63 -0.988158226 0.053020328 7.5 25 7.5 2 5 3 96 12 6.5 46 46 3 2 50 
V121 0 68 142 0 0.271604938 -0.203892225 9.5 3 0 2 3 1 100 0 7.5 50 53 8 2 13 
V122 1 69 140 69 0.523557571 -0.268120364 10 12 10 2 30 2 87 3 7.5 53 55 5 1 50 
V123 1 69 160 69 0.523557571 0.37416102 8 15 8 3 0 1 90 120 7.5 47 47 2 1 50 
V124 0 71 160 0 1.027462837 0.37416102 11 10 0 2 1 1 110 1000 7.5 49 51 8 4 10 
V125 1 67 119 67 0.019652305 -0.942515816 8.5 16 8.5 2 0 1 95 1000 8.5 54 49 6 2 3 
V126 0 70 170 0 0.775510204 0.695301712 10 10 0 3 1 2 120 0 7 58 60 7 3 25 
V127 1 65 120 65 -0.48425296 -0.910401747 7.5 10 7.5 4 0 1 100 200 7 54 56 3 1 15 
V128 1 66 132 66 -0.232300328 -0.525032917 7.5 12 7.5 2 3 1 100 0 7.5 48 55 4 2 25 
V129 1 61 135 61 -1.492063492 -0.428690709 7 20 7 2 6 3 60 10 6.5 37 41 7 1 70 
V130 1 66 125 66 -0.232300328 -0.749831401 8.5 25 8.5 2 1 1 110 7 7 56 59 5 2 60 
V131 1 66 175 66 -0.232300328 0.855872058 9 10 9 3 0 1 90 104 5.5 53 53 10 2 18 
V132 1 67 129 67 0.019652305 -0.621375124 8 57 8 2 3 1 135 73 6 46 46 3 1 18 
V133 1 62 135 62 -1.240110859 -0.428690709 6 76 6 3 1 1 70 30 4 46 49 6 1 50 
V134 1 64 130 64 -0.736205593 -0.589261055 7.5 11 7.5 2 0 2 80 76 8 53 59 5 2 50 
V135 1 63 131 63 -0.988158226 -0.557146986 7 13 7 3 1 1 95 0 5.5 50 54 7 2 90 
V136 1 70 145 70 0.775510204 -0.107550018 9.5 22 9.5 2 9 2 95 4 6 49 50 8 2 50 
V137 1 68 130 68 0.271604938 -0.589261055 8 10 8 2 0 2 45 90 7 59 61 4 1 90 
V138 1 65 132 65 -0.48425296 -0.525032917 8.5 15 8.5 2 0 2 100 22 6.5 56 64 6 2 70 
V139 1 60 120 60 -1.744016125 -0.910401747 6 18 6 2 2 1 90 40 6.5 50 52 10 5 20 
V140 1 66 164 66 -0.232300328 0.502617297 9.5 13 9.5 2 5 1 85 14 8 48 55 10 2 40 
V141 1 64 132 64 -0.736205593 -0.525032917 7.5 10 7.5 2 4 2 95 0 6 55 60 9 1 15 
V142 0 69 175 0 0.523557571 0.855872058 10.5 4 0 4 2 1 110 3 7 48 48 1 3 10 
V143 1 61 130 61 -1.492063492 -0.589261055 6 20 6 2 3 1 90 40 7 44 44 4 2 75 
V144 1 61 110 61 -1.492063492 -1.231542439 6 15 6 2 1 1 80 150 6 49 54 5 1 50 
V145 0 70 206 0 0.775510204 1.851408202 11 7 0 4 17 1 116 80 7 47 49 7 1 50 
V146 1 63 165 63 -0.988158226 0.534731366 8 15 8 2 2 2 90 13 6.5 48 48 6 1 100 
V147 1 65 140 65 -0.48425296 -0.268120364 8 18 8 2 1 3 95 14 5.5 48 47 7 3 85 
V148 0 71 155 0 1.027462837 0.213590674 11 11 0 2 1 1 148 2 7 44 45 5 4 50 
V149 1 65 126 65 -0.48425296 -0.717717332 7.5 45 7.5 2 2 0 80 2 8.5 56 65 10 2 30 
V150 1 68 125 68 0.271604938 -0.749831401 10 10 10 2 5 1 90 0 7.5 49 49 1 2 70 
V151 1 66 145 66 -0.232300328 -0.107550018 8.5 17 8.5 4 2 4 120 17 8.5 45 51 6 2 80 
V152 1 64 125 64 -0.736205593 -0.749831401 8 30 8 4 4 4 110 1 6.5 43 52 6 3 90 
V153 1 67 140 67 0.019652305 -0.268120364 8.5 20 8.5 2 4 2 100 15 6 53 52 4 2 60 
V154 0 72 167 0 1.27941547 0.598959504 13 5 0 2 2 2 110 20 7 42 44 5 3 25 
V155 1 64 120 64 -0.736205593 -0.910401747 8 15 8 2 0 1 70 50 7 50 60 7 2 50 
V156 0 71 145 0 1.027462837 -0.107550018 9.5 10 0 2 0 1 120 10 6.5 46 51 7 1 10 
V157 0 74 196 0 1.783320736 1.53026751 14 6 0 2 0 1 110 30 6.5 48 49 7 4 33 
V158 0 74 175 0 1.783320736 0.855872058 12.5 6 0 2 1 1 90 30 7 46 46 8 2 70 
V159 1 66 135 66 -0.232300328 -0.428690709 8.5 20 8.5 3 12 2 90 65 6.5 39 40 7 3 100 
V160 1 64 115 64 -0.736205593 -1.070972093 6 12 6 2 3 2 90 100 7.5 60 60 2 2 90 
V161 1 69 130 69 0.523557571 -0.589261055 10 20 10 2 0 1 100 500 7 49 50 3 4 75 
V162 1 64 143 64 -0.736205593 -0.171778156 7 15 7 2 1 2 90 0 7 46 50 7 3 100 
V163 1 70 146 70 0.775510204 -0.075435948 10 30 10 2 4 4 45 22 5 40 45 7 2 95 
V164 1 68 138 68 0.271604938 -0.332348502 8.5 30 8.5 2 3 0 90 19 8 50 62 6 3 90 
V165 1 64 139 64 -0.736205593 -0.300234433 8 10 8 2 0 2 80 0 7 48 51 9 2 75 
V166 1 64 126 64 -0.736205593 -0.717717332 7.5 15 7.5 4 3 3 100 4 7 58 63 9 2 40 
V167 0 73 173 0 1.531368103 0.791643919 11 7 0 2 2 1 105 30 5.5 58 54 6 1 25 
V168 0 74 165 0 1.783320736 0.534731366 12 8 0 2 0 4 105 71 7 53 53 2 2 75 
V169 1 63 115 63 -0.988158226 -1.070972093 7 21 7 4 4 1 95 40 8 51 63 9 3 50 
V170 0 72 160 0 1.27941547 0.37416102 10.5 4 0 2 4 1 110 2 9.5 52 52 8 1 15 
V171 0 72 200 0 1.27941547 1.658723787 11.5 7 0 2 4 1 95 6 8 39 42 3 2 100 
V172 1 72 165 72 1.27941547 0.534731366 11 6 11 4 2 1 90 31 6 53 53 4 2 15 
V173 0 73 175 0 1.531368103 0.855872058 12 3 0 2 0 1 125 71 8 49 49 5 3 25 
V174 1 63 110 63 -0.988158226 -1.231542439 7 15 7 2 5 2 97 7 8 52 53 4 3 10 
V175 1 63 112 63 -0.988158226 -1.1673143 6.5 12 6.5 2 0 1 90 30 7.5 46 46 3 2 100 
V176 0 71 175 0 1.027462837 0.855872058 10.5 10 0 2 0 6 95 20 6 48 65 1 2 25 
V177 1 68 145 68 0.271604938 -0.107550018 12 13 12 2 4 1 95 100 7 48 46 3 2 20 
V178 1 66 130 66 -0.232300328 -0.589261055 8 26 8 2 2 1 109 8 8 55 60 8 3 50 
V179 0 68 150 0 0.271604938 0.053020328 10.5 7 0 2 0 1 105 8 7 55 58 6 2 75 
V180 1 63 108 63 -0.988158226 -1.295770577 6 8 6 2 0 0 70 150 7 48 54 5 2 5 
V181 0 65 135 0 -0.48425296 -0.428690709 9 3 0 2 7 2 80 0 6.5 45 48 7 3 50 
V182 1 64 120 64 -0.736205593 -0.910401747 7.5 15 7.5 2 1 3 50 200 7 39 46 4 2 50 
V183 1 62 130 62 -1.240110859 -0.589261055 7 70 7 2 0 2 60 0 7.5 43 48 7 3 100 
V184 1 59 85 59 -1.995968758 -2.034394168 5 20 5 1 2 0 80 40 9 55 54 8 2 25 
V185 0 75 180 0 2.035273369 1.016442403 13 3 0 2 0 1 100 50 7 53 50 4 5 0 
V186 1 68 140 68 0.271604938 -0.268120364 8.5 6 8.5 3 3 1 90 50 7 52 52 7 2 65 
V187 1 65 111 65 -0.48425296 -1.19942837 7 20 7 2 4 3 100 20 5.5 50 58 8 2 75 
V188 1 66 120 66 -0.232300328 -0.910401747 7.5 25 7.5 2 10 2 90 5 8 43 44 2 1 50 
V189 0 65 160 0 -0.48425296 0.37416102 8.5 8 0 3 5 2 115 300 8 49 55 10 5 5 
V190 1 62 114 62 -1.240110859 -1.103086162 7 32 7 2 0 3 85 22 6.5 51 61 8 2 25 
V191 1 66 125 66 -0.232300328 -0.749831401 8.5 13 8.5 3 1 1 90 56 7 54 64 4 2 50 
V192 0 72 160 0 1.27941547 0.37416102 10 3 0 4 2 1 85 62 8 50 51 2 2 5 
V193 0 77 250 0 2.539178634 3.264427246 17 4 0 2 2 1 135 2 8 51 54 10 5 5 
V194 1 70 163 70 0.775510204 0.470503227 10 7 10 4 1 1 75 32 7.5 46 46 4 2 50 
V195 1 65 135 65 -0.48425296 -0.428690709 8.5 15 8.5 2 1 1 105 4 10 47 47 10 4 95 
V196 1 65 110 65 -0.48425296 -1.231542439 7.5 15 7.5 2 0 0 120 150 7.5 47 49 10 5 40 
V197 0 68 142 0 0.271604938 -0.203892225 9.5 4 0 2 2 4 114 0 6.5 56 59 10 4 100 
V198 1 63 110 63 -0.988158226 -1.231542439 7.5 27 7.5 2 4 4 110 10 9 52 52 7 1 30 
V199 1 69 110 69 0.523557571 -1.231542439 7.5 13 7.5 3 3 2 85 150 7 56 55 9 3 60 
V200 0 71 148 0 1.027462837 -0.01120781 9.5 7 0 2 2 1 107 14 7 50 49 4 2 30 
V201 1 66 140 66 -0.232300328 -0.268120364 7.5 15 7.5 2 5 1 95 40 8.5 48 48 7 3 75 
V202 1 68 135 68 0.271604938 -0.428690709 7.5 10 7.5 2 0 1 88 600 7.5 49 49 9 1 90 
V203 0 68 175 0 0.271604938 0.855872058 10.5 6 0 2 2 1 85 2 6 43 44 4 2 36 
V204 1 67 150 67 0.019652305 0.053020328 8.5 21 8.5 2 0 1 110 10 6.5 49 50 4 2 30 
V205 1 68 165 68 0.271604938 0.534731366 10 11 10 2 0 1 85 2 7 50 65 6 1 95 
V206 1 64 130 64 -0.736205593 -0.589261055 8 30 8 2 15 1 89 20 6.5 52 55 8 2 100 
V207 0 76 185 0 2.287226002 1.177012749 11 8 0 2 1 0 25 25 7 47 45 5 1 80 
V208 1 63 120 63 -0.988158226 -0.910401747 6.5 35 6.5 2 4 2 90 15 6.5 57 57 9 1 95 
V209 0 74 195 0 1.783320736 1.498153441 11 8 0 2 1 2 110 30 7 47 51 10 3 60 
V210 0 77 185 0 2.539178634 1.177012749 13 15 0 2 0 1 111 3 7.5 58 61 8 2 95 
V211 1 67 135 67 0.019652305 -0.428690709 9.5 10 9.5 3 8 4 110 8 6 47 59 7 2 50 
V212 1 69 130 69 0.523557571 -0.589261055 9 15 9 2 3 1 90 20 8 53 59 4 2 30 
V213 0 73 150 0 1.531368103 0.053020328 9.5 8 0 2 2 6 110 10 6 40 51 7 1 40 
V214 1 67 130 67 0.019652305 -0.589261055 7.5 8 7.5 3 1 1 90 1 4 53 56 6 6 0 
V215 1 63 112 63 -0.988158226 -1.1673143 7.5 14 7.5 2 10 2 96 120 8.5 45 55 4 1 15 
V216 0 71 170 0 1.027462837 0.695301712 11.5 7 0 2 0 1 110 42 8 50 57 1 3 50 
V217 1 66 135 66 -0.232300328 -0.428690709 9 30 9 2 4 1 85 5 7 55 61 9 2 90 
V218 1 63 128 63 -0.988158226 -0.653489194 4.5 1 4.5 2 1 8 20 0 7.5 59 65 5 0 35 
V219 1 66 194 66 -0.232300328 1.466039372 10 20 10 2 3 1 100 13 7.5 43 47 7 3 60 
V220 1 60 106 60 -1.744016125 -1.359998715 6.5 32 6.5 2 1 1 108 22 6 42 42 3 2 60 
V221 1 63 116 63 -0.988158226 -1.038858024 8 25 8 2 4 1 90 13 6 48 49 3 2 50 
V222 1 72 155 72 1.27941547 0.213590674 11 8 11 2 4 7 90 0 7.5 46 47 2 2 20 
V223 0 73 177 0 1.531368103 0.920100196 11.5 5 0 2 1 1 95 102 7 51 53 4 3 10 
V224 1 66 115 66 -0.232300328 -1.070972093 7.5 12 7.5 2 3 1 90 40 8 59 65 8 5 40 
V225 1 68 135 68 0.271604938 -0.428690709 9 6 9 2 6 1 100 0 6 56 55 10 2 75 
V226 1 66 139 66 -0.232300328 -0.300234433 9 13 9 2 3 1 85 25 6.5 43 50 3 2 25 
V227 0 65 147 0 -0.48425296 -0.043321879 9.5 10 0 4 1 7 90 0 7.5 42 44 3 1 10 
V228 0 70 145 0 0.775510204 -0.107550018 10 5 0 2 2 1 100 6 9 45 46 3 1 25 
V229 1 65 165 65 -0.48425296 0.534731366 7.5 25 7.5 2 1 3 96 9 8 56 65 9 5 45 
V230 1 65 130 65 -0.48425296 -0.589261055 8 7 8 2 0 2 85 200 7 35 51 7 1 50 
V231 1 64 105 64 -0.736205593 -1.392112785 7 35 7 2 0 1 95 150 6.5 53 63 8 3 80 
V232 1 64 145 64 -0.736205593 -0.107550018 7 12 7 3 0 1 140 0 8 42 52 6 2 30 
V233 0 73 190 0 1.531368103 1.337583095 13 7 0 3 0 2 100 16 7.5 47 48 1 1 70 
V234 1 63 120 63 -0.988158226 -0.910401747 7.5 30 7.5 2 5 1 101 0 8 45 47 7 1 99 
V235 1 63 143 63 -0.988158226 -0.171778156 9 17 9 2 1 1 95 120 6.5 50 54 2 2 10 
V236 0 67 150 0 0.019652305 0.053020328 10 2 0 2 1 3 85 110 7 42 41 7 3 15 
V237 0 68 145 0 0.271604938 -0.107550018 9.5 6 0 3 1 2 91 22 7.5 50 52 7 2 20 
V238 0 70 196 0 0.775510204 1.53026751 9.5 8 0 2 2 1 125 0 8.5 50 50 7 2 20 
V239 0 69 145 0 0.523557571 -0.107550018 6.5 4 0 2 0 2 125 0 7.5 53 55 7 2 40 
V240 0 69 150 0 0.523557571 0.053020328 10.5 6 0 3 2 2 105 103 7.5 52 53 3 1 100 
V241 1 67 120 67 0.019652305 -0.910401747 7 30 7 2 1 1 100 3 6 45 50 10 1 100 
V242 1 67 138 67 0.019652305 -0.332348502 9.5 10 9.5 2 2 4 100 15 7.5 49 53 8 2 0 
V243 1 64 160 64 -0.736205593 0.37416102 8.5 9 8.5 2 0 3 60 8 6.5 45 50 7 2 10 
V244 1 64 135 64 -0.736205593 -0.428690709 8 17 8 2 9 4 100 17 5.5 50 52 4 1 97 
V245 1 63 140 63 -0.988158226 -0.268120364 4.5 30 4.5 2 3 3 120 3 6.5 46 47 5 2 0 
V246 1 64 112 64 -0.736205593 -1.1673143 7 18 7 2 3 1 100 90 7.5 53 48 7 2 20 
V247 0 71 200 0 1.027462837 1.658723787 11.5 3 0 3 28 2 100 3 6.5 48 48 7 1 0 
V248 1 63 168 63 -0.988158226 0.631073573 6.5 8 6.5 2 1 4 80 2 6 54 50 7 5 20 
V249 0 67 140 0 0.019652305 -0.268120364 10.5 2 0 2 3 2 70 85 7 50 63 7 3 40 
V250 0 69 160 0 0.523557571 0.37416102 10 5 0 2 1 2 90 10 8 49 47 6 6 30 
V251 0 65 125 0 -0.48425296 -0.749831401 9 6 0 3 1 2 47 20 7 37 37 2 4 10 
V252 1 60 127 60 -1.744016125 -0.685603263 5.5 21 5.5 2 0 1 20 8 7 51 55 6 1 20 
V253 0 73 130 0 1.531368103 -0.589261055 9.5 4 0 2 0 0 100 80 6 51 53 7 2 90 
V254 0 66 160 0 -0.232300328 0.37416102 9.5 5 0 2 5 2 95 10 6.5 47 50 1 2 100 
V255 0 70 165 0 0.775510204 0.534731366 12 6 0 2 1 3 92 0 6 49 50 9 1 100 
V256 1 64 135 64 -0.736205593 -0.428690709 8.5 20 8.5 2 2 1 85 40 7 52 55 4 4 75 
V257 0 71 180 0 1.027462837 1.016442403 11.5 4 0 2 0 3 105 0 8 49 49 9 6 10 
V258 1 66 120 66 -0.232300328 -0.910401747 8.5 15 8.5 2 1 1 100 30 6.5 49 49 7 2 75 
V259 1 60 105 60 -1.744016125 -1.392112785 5.5 50 5.5 2 30 4 111 22 5 55 58 3 3 75 
V260 1 62 175 62 -1.240110859 0.855872058 8 40 8 2 0 3 40 9 8 45 46 7 2 8 
V261 0 71 155 0 1.027462837 0.213590674 10.5 10 0 2 1 1 90 10 7 49 57 7 2 0 
V262 1 63 135 63 -0.988158226 -0.428690709 7.5 18 7.5 2 6 1 90 60 7 54 56 8 1 50 
V263 1 64 127 64 -0.736205593 -0.685603263 7.5 20 7.5 2 0 2 90 150 7 47 54 7 2 15 
V264 1 62 141 62 -1.240110859 -0.236006294 9 20 9 2 4 3 36 0 6 51 64 6 1 20 
V265 0 66 122 0 -0.232300328 -0.846173609 8.5 3 0 2 7 3 120 0 5.5 49 49 2 4 5 
V266 1 61 140 61 -1.492063492 -0.268120364 8.5 30 8.5 3 8 1 100 35 8 38 47 1 2 50 
V267 1 63 117 63 -0.988158226 -1.006743955 8 20 8 3 2 2 90 10 7 49 48 4 2 75 
V268 1 68 120 68 0.271604938 -0.910401747 8 21 8 2 5 2 90 14 6.5 53 56 7 2 70 
V269 1 64 135 64 -0.736205593 -0.428690709 8.5 15 8.5 3 0 2 30 15 8.5 46 47 5 6 100 
V270 1 67 125 67 0.019652305 -0.749831401 9 12 9 2 0 4 95 6 9 42 46 6 3 50 
V271 0 69 180 0 0.523557571 1.016442403 8 2 0 2 0 1 35 120 8 50 57 8 1 15 
V272 1 67 135 67 0.019652305 -0.428690709 8 17 8 2 2 1 70 25 7 50 50 9 1 75 
V273 1 67 122 67 0.019652305 -0.846173609 8 20 8 2 4 2 80 2 7 55 55 6 1 80 
V274 0 74 210 0 1.783320736 1.979864479 12 4 0 3 3 2 95 20 8 60 63 5 1 100 
V275 0 67 126 0 0.019652305 -0.717717332 10.5 5 0 2 1 2 105 0 8.5 51 52 9 2 75 
V276 1 62 140 62 -1.240110859 -0.268120364 8.5 35 8.5 2 9 4 85 5 7.5 43 59 7 2 95 
V277 1 67 170 67 0.019652305 0.695301712 10 4 10 2 6 4 60 0 7 47 53 3 2 25 
V278 1 64 160 64 -0.736205593 0.37416102 6.5 25 6.5 3 1 0 90 1 7 54 55 2 0 40 
V279 1 66 149 66 -0.232300328 0.020906259 7.5 50 7.5 4 1 0 101 26 7.5 47 49 7 2 3 
V280 1 64 143 64 -0.736205593 -0.171778156 8 20 8 3 3 4 110 17 6.5 44 43 2 2 32 
V281 1 64 130 64 -0.736205593 -0.589261055 9 5 9 2 8 3 90 5 5.5 40 44 3 2 60 
V282 1 64 110 64 -0.736205593 -1.231542439 8 12 8 2 2 1 92 20 7 50 56 9 3 50 
V283 1 66 123 66 -0.232300328 -0.814059539 8.5 20 8.5 2 1 2 120 0 6 56 59 7 2 60 
V284 1 67 135 67 0.019652305 -0.428690709 8.5 35 8.5 2 2 2 95 2 7 47 48 9 2 50 
V285 1 64 110 64 -0.736205593 -1.231542439 7.5 20 7.5 2 0 3 75 60 7.5 57 62 1 1 100 
V286 1 69 148 69 0.523557571 -0.01120781 10 18 10 2 1 3 85 25 6 52 65 4 2 20 
V287 0 75 185 0 2.035273369 1.177012749 12 4 0 2 4 1 90 20 6 36 42 5 1 45 
V288 0 73 162 0 1.531368103 0.438389158 11.5 2 0 2 0 2 95 92 6 57 58 6 3 100 
V289 1 63 140 63 -0.988158226 -0.268120364 8 10 8 2 0 2 90 100 7.5 50 51 7 3 90 
V290 1 65 130 65 -0.48425296 -0.589261055 8.5 10 8.5 2 3 3 100 12 8 53 53 7 2 100 
V291 0 71 190 0 1.027462837 1.337583095 12 5 0 2 2 1 90 14 8.5 48 50 9 4 10 
V292 1 67 120 67 0.019652305 -0.910401747 9.5 24 9.5 2 1 2 70 0 7 48 48 5 1 0 
V293 0 74 175 0 1.783320736 0.855872058 12 12 0 2 0 1 90 0 9 49 60 7 3 50 
V294 1 63 108 63 -0.988158226 -1.295770577 6 10 6 2 1 1 45 8 7 54 55 8 3 25 
V295 0 71 295 0 1.027462837 4.709560358 13 4 0 3 0 3 40 3 8 48 50 8 2 75 
V296 1 64 163 64 -0.736205593 0.470503227 8.5 26 8.5 2 3 1 80 36 7.5 45 45 7 2 90 
V297 1 66 100 66 -0.232300328 -1.55268313 7.5 20 7.5 4 1 0 100 1000 7.5 46 50 6 2 50 
V298 1 65 128 65 -0.48425296 -0.653489194 7 30 7 2 2 1 95 25 7 51 48 7 1 50 
V299 1 59 130 59 -1.995968758 -0.589261055 6 21 6 4 2 4 33 2 5 55 54 8 2 40 
V300 1 67 134 67 0.019652305 -0.460804779 9 20 9 1 0 1 72 30 6.5 51 50 7 2 25 
V301 1 66 140 66 -0.232300328 -0.268120364 9 20 9 2 3 1 128 300 6.5 54 52 7 2 75 
V302 1 64 132 64 -0.736205593 -0.525032917 7 25 7 2 0 1 90 35 7 52 52 7 1 80 
V303 1 60 119 60 -1.744016125 -0.942515816 6.5 15 6.5 2 3 2 85 100 10 48 52 6 1 90 
V304 1 64 130 64 -0.736205593 -0.589261055 7.5 12 7.5 2 1 1 90 0 7.5 54 56 2 2 80 
V305 1 61 102 61 -1.492063492 -1.488454992 7.5 11 7.5 2 1 1 75 13 7 52 52 8 2 49 
V306 1 63 130 63 -0.988158226 -0.589261055 7.5 15 7.5 2 0 3 95 0 8 48 48 8 2 50 
V307 1 63 132 63 -0.988158226 -0.525032917 7 12 7 3 4 2 80 0 8.5 43 51 3 2 60 
V308 1 66 128 66 -0.232300328 -0.653489194 8 20 8 2 5 4 90 80 6.5 49 51 2 2 75 
V309 0 71 170 0 1.027462837 0.695301712 10.5 10 0 2 7 1 105 45 6 52 53 7 5 20 
V310 0 69 155 0 0.523557571 0.213590674 9 6 0 2 0 2 100 50 7 60 56 5 5 50 
V311 0 74 170 0 1.783320736 0.695301712 11.5 3 0 2 0 2 200 0 8 45 45 8 1 50 
V312 1 62 130 62 -1.240110859 -0.589261055 6.5 24 6.5 2 3 2 90 0 7.5 50 49 4 3 95 
V313 1 71 112 71 1.027462837 -1.1673143 12 12 12 2 12 12 112 12 12 47 49 2 3 12 
V314 1 64 104 64 -0.736205593 -1.424226854 7 15 7 2 1 0 35 12 8.5 40 50 6 2 100 
V315 0 73 175 0 1.531368103 0.855872058 10.5 4 0 2 3 1 100 60 6 42 50 4 2 10 
V316 1 66 139 66 -0.232300328 -0.300234433 8 25 8 3 3 2 75 0 7 59 54 3 5 90 
V317 0 73 185 0 1.531368103 1.177012749 12 8 0 2 8 1 118 80 6 51 58 4 1 75 
V318 1 63 125 63 -0.988158226 -0.749831401 9 15 9 3 3 2 90 0 7.5 50 54 7 4 50 
V319 1 66 132 66 -0.232300328 -0.525032917 7 20 7 2 9 1 90 105 6 43 50 4 2 100 
V320 1 62 106 62 -1.240110859 -1.359998715 6.5 12 6.5 2 0 3 90 15 6 47 48 9 2 100 
V321 0 72 160 0 1.27941547 0.37416102 9.5 5 0 2 3 3 105 27 8.5 54 57 2 5 100 
V322 0 70 180 0 0.775510204 1.016442403 10.5 9 0 2 3 2 93 80 7.5 46 53 1 3 92 
V323 0 74 213 0 1.783320736 2.076206686 12 6 0 2 5 3 110 0 7 46 46 9 2 50 
V324 1 64 155 64 -0.736205593 0.213590674 8 8 8 3 0 1 80 40 8.5 47 52 3 2 20 
V325 1 64 182 64 -0.736205593 1.080670542 10 20 10 2 0 2 75 4 6 52 55 7 1 25 
V326 1 64 135 64 -0.736205593 -0.428690709 9 10 9 2 2 2 85 25 6 50 50 7 2 50 
V327 1 67 130 67 0.019652305 -0.589261055 8.5 25 8.5 2 1 1 90 500 6.5 49 51 8 2 20 
V328 0 72 168 0 1.27941547 0.631073573 10.5 4 0 3 2 2 108 83 5.5 50 50 10 6 100 
V329 0 72 185 0 1.27941547 1.177012749 11.5 11 0 4 0 2 109 11 6 58 61 9 1 100 
V330 1 63 125 63 -0.988158226 -0.749831401 7 50 7 2 0 1 80 100 7 44 51 5 1 100 
V331 1 69 129 69 0.523557571 -0.621375124 8.5 15 8.5 2 1 1 106 20 6 54 54 3 2 35 
V332 0 71 185 0 1.027462837 1.177012749 12 5 0 2 4 2 125 700 7 57 55 8 0 10 
V333 0 70 175 0 0.775510204 0.855872058 12 3 0 3 1 1 84 2 8 49 54 2 3 100 
V334 0 72 165 0 1.27941547 0.534731366 11 21 0 4 0 1 120 0 5 52 60 1 3 51 
V335 1 64 125 64 -0.736205593 -0.749831401 7.5 10 7.5 2 0 3 90 20 7 51 57 9 1 50 
V336 1 69 138 69 0.523557571 -0.332348502 7.5 30 7.5 3 0 1 95 9 7.5 47 51 9 2 95 
V337 1 63 110 63 -0.988158226 -1.231542439 6.5 9 6.5 2 0 1 20 10 7 48 52 9 2 20 
V338 1 66 145 66 -0.232300328 -0.107550018 8.5 15 8.5 2 5 1 65 30 7 42 55 7 2 30 
V339 1 61 104 61 -1.492063492 -1.424226854 6.5 5 6.5 2 1 2 60 40 10 50 51 4 1 10 
V340 1 65 127 65 -0.48425296 -0.685603263 8.5 6 8.5 2 30 5 102 60 4.5 47 56 6 1 75 
V341 1 65 130 65 -0.48425296 -0.589261055 7.5 5 7.5 3 1 1 92 4 6 48 50 5 2 6 
V342 1 67 130 67 0.019652305 -0.589261055 9 15 9 4 3 1 100 100 7.5 49 52 4 1 50 
V343 1 62 122 62 -1.240110859 -0.846173609 7.5 8 7.5 3 1 2 70 60 4 54 52 9 2 50 
V344 1 60 103 60 -1.744016125 -1.456340923 5 22 5 2 0 1 90 40 6.5 54 60 8 2 80 
V345 1 69 160 69 0.523557571 0.37416102 9 55 9 2 3 2 110 46 6.5 38 40 8 2 10 
V346 1 65 120 65 -0.48425296 -0.910401747 9.5 19 9.5 2 3 1 95 2 9 47 55 9 3 10 
V347 0 73 165 0 1.531368103 0.534731366 10.5 5 0 2 0 1 102 20 6 54 57 5 2 25 
V348 0 70 190 0 0.775510204 1.337583095 11 5 0 3 4 0 102 1 7.5 47 53 4 5 0 
V349 1 67 160 67 0.019652305 0.37416102 8.5 18 8.5 2 0 2 78 26 7 51 56 7 4 75 
V350 1 63 145 63 -0.988158226 -0.107550018 8 10 8 2 3 2 80 0 8 43 45 7 2 50 
V351 1 69 132 69 0.523557571 -0.525032917 10 30 10 3 1 1 90 60 6 48 53 7 2 7 
V352 1 68 136 68 0.271604938 -0.39657664 9.5 20 9.5 2 5 0 90 0 5 50 55 8 2 50 
V353 0 71 225 0 1.027462837 2.461575516 11.5 3 0 2 4 1 100 93 7 49 50 2 3 100 
V354 1 66 146 66 -0.232300328 -0.075435948 9 10 9 2 2 1 90 40 7 45 46 8 2 50 
V355 1 68 145 68 0.271604938 -0.107550018 9.5 20 9.5 3 5 0 90 0 8 44 45 4 2 50 
V356 1 65 118 65 -0.48425296 -0.974629885 8 23 8 1 1 1 95 23 7 54 58 5 2 50 
V357 1 64 110 64 -0.736205593 -1.231542439 5.5 40 5.5 2 1 2 100 80 6 53 58 6 1 98 
V358 1 68 120 68 0.271604938 -0.910401747 9 20 9 2 4 3 95 13 7 50 51 9 2 70 
V359 0 67 157 0 0.019652305 0.277818812 11.5 3 0 2 2 2 110 27 8.5 48 52 6 4 100 
V360 1 60 128 60 -1.744016125 -0.653489194 7 12 7 2 1 1 80 40 7 52 53 5 2 10 
V361 1 60 100 60 -1.744016125 -1.55268313 4 30 4 2 2 2 75 20 7 53 53 6 1 10 
V362 1 62 93 62 -1.240110859 -1.777481615 5 12 5 2 3 2 110 60 5 48 49 9 1 100 
V363 1 70 180 70 0.775510204 1.016442403 12 9 12 2 10 3 90 6 7.5 42 41 7 1 100 
V364 1 70 148 70 0.775510204 -0.01120781 11 20 11 2 1 1 90 35 8 51 53 9 1 99 
V365 0 69 159 0 0.523557571 0.342046951 10.5 10 0 2 0 1 109 60 7 49 58 8 2 99 
V366 1 63 160 63 -0.988158226 0.37416102 5.5 20 5.5 3 3 0 110 1 6.5 45 43 4 1 90 
V367 0 71 180 0 1.027462837 1.016442403 12 5 0 2 4 5 98 2 6.5 38 37 5 2 9 
V368 1 63 110 63 -0.988158226 -1.231542439 7 15 7 2 5 6 95 15 7 59 57 9 2 40 
V369 1 62 100 62 -1.240110859 -1.55268313 6 10 6 2 16 5 130 50 6 52 51 8 5 25 
V370 1 66 150 66 -0.232300328 0.053020328 9.5 10 9.5 2 8 2 90 0 7 45 47 10 6 35 
V371 0 66 125 0 -0.232300328 -0.749831401 8.5 4 0 2 0 2 90 40 7 48 48 5 1 30 
V372 1 67 120 67 0.019652305 -0.910401747 8.5 82 8.5 2 10 1 90 150 8 51 56 3 2 100 
V373 1 66 118 66 -0.232300328 -0.974629885 9 12 9 4 0 1 90 40 7 43 52 9 3 80 
V374 1 61 120 61 -1.492063492 -0.910401747 7.5 11 7.5 2 0 3 85 2 6 56 56 5 1 100 
V375 1 63 123 63 -0.988158226 -0.814059539 7 87 7 3 0 4 90 0 7 46 49 4 6 55 
V376 0 68 145 0 0.271604938 -0.107550018 10.5 6 0 2 0 1 92 30 7 59 61 10 6 100 
V377 1 64 140 64 -0.736205593 -0.268120364 7 15 7 2 5 2 98 11 6 52 52 5 1 50 
V378 0 69 177 0 0.523557571 0.920100196 11 10 0 3 0 2 200 3 5 50 51 7 2 10 
V379 0 74 250 0 1.783320736 3.264427246 13 4 0 2 20 2 105 15 6 51 51 7 2 40 
V380 0 74 180 0 1.783320736 1.016442403 11.5 7 0 3 2 1 130 20 8 45 55 2 2 90 
V381 1 59 100 59 -1.995968758 -1.55268313 6.5 17 6.5 2 2 1 80 30 7.5 52 61 8 2 70 
V382 1 62 143 62 -1.240110859 -0.171778156 7 20 7 2 2 1 60 75 6.5 52 56 3 2 3 
V383 1 64 105 64 -0.736205593 -1.392112785 7.5 28 7.5 2 5 1 100 600 8 46 50 2 2 15 
V384 0 75 275 0 2.035273369 4.067278975 15 12 0 4 6 5 120 104 6.5 58 65 4 2 60 
V385 1 68 148 68 0.271604938 -0.01120781 8 15 8 2 8 2 85 15 7 49 55 2 2 25 
V386 1 65 150 65 -0.48425296 0.053020328 8 10 8 2 1 1 90 13 7 46 50 8 2 50 
V387 0 70 166 0 0.775510204 0.566845435 10 10 0 2 1 2 98 1 8 56 55 6 3 100 
V388 0 68 190 0 0.271604938 1.337583095 10.5 3 0 2 0 1 110 150 8 51 50 2 0 0 
V389 1 62 114 62 -1.240110859 -1.103086162 6 9 6 3 1 1 20 22 6 54 54 8 2 98 
V390 1 64 140 64 -0.736205593 -0.268120364 8.5 60 8.5 2 0 2 85 4 7 47 56 7 1 80 
V391 1 64 120 64 -0.736205593 -0.910401747 7 15 7 2 1 3 92 3 4 59 58 1 2 10 
V392 0 72 183 0 1.27941547 1.112784611 10.5 4 0 2 2 3 94 41 6 47 48 7 3 12 
V393 0 67 175 0 0.019652305 0.855872058 9.5 8 0 3 15 4 115 80 6 40 41 3 5 30 
V394 1 68 151 68 0.271604938 0.085134397 9 18 9 2 2 1 110 5 5.5 51 50 7 1 0 
V395 1 60 95 60 -1.744016125 -1.713253476 7.5 10 7.5 2 1 2 70 100 7 51 51 7 2 30 
V396 0 70 165 0 0.775510204 0.534731366 9 8 0 4 5 1 120 0 6 55 60 3 0 30 
V397 0 74 165 0 1.783320736 0.534731366 11.5 4 0 2 0 2 95 300 6 58 55 5 6 100 
V398 0 72 160 0 1.27941547 0.37416102 11 10 0 2 1 2 100 25 7 39 55 5 2 40 
V399 0 76 240 0 2.287226002 2.943286554 13 2 0 3 6 2 120 20 5 39 40 5 0 5 
V400 1 62 120 62 -1.240110859 -0.910401747 6.5 30 6.5 2 2 1 75 30 8 55 50 5 2 50 
V401 0 72 160 0 1.27941547 0.37416102 12 4 0 2 1 1 80 18 8 52 55 2 5 100 
V402 1 68 132 68 0.271604938 -0.525032917 7 21 7 2 0 2 100 0 8 56 56 1 6 100 
V403 1 66 140 66 -0.232300328 -0.268120364 7.5 11 7.5 2 3 0 91 14 7 52 53 7 2 70 
V404 1 63 130 63 -0.988158226 -0.589261055 7.5 35 7.5 2 2 1 120 20 7.5 59 55 3 2 35 
V405 1 59 120 59 -1.995968758 -0.910401747 6 20 6 2 6 2 90 61 7 42 52 1 2 20 
V406 1 66 170 66 -0.232300328 0.695301712 8.5 45 8.5 2 1 0 80 120 7.5 41 46 7 2 75 
V407 1 66 125 66 -0.232300328 -0.749831401 9 12 9 3 2 2 90 0 8 49 52 7 3 30 
V408 1 61 127 61 -1.492063492 -0.685603263 5 10 5 2 4 1 95 0 7 56 60 3 4 50 
V409 1 61 107 61 -1.492063492 -1.327884646 6.5 18 6.5 4 11 4 109 73 4 40 42 7 2 95 
V410 1 64 120 64 -0.736205593 -0.910401747 7 12 7 2 2 0 148 150 6.5 49 51 6 1 80 
V411 1 68 150 68 0.271604938 0.053020328 9 13 9 2 3 3 90 33 8 47 47 7 6 50 
V412 1 65 130 65 -0.48425296 -0.589261055 8 6 8 2 1 2 72 0 7.5 53 53 4 3 55 
V413 1 70 150 70 0.775510204 0.053020328 10 30 10 2 1 0 90 5 7 58 60 6 2 25 
V414 0 73 167 0 1.531368103 0.598959504 10.5 10 0 3 1 3 100 2 6.5 51 53 3 1 100 
V415 1 69 140 69 0.523557571 -0.268120364 10 14 10 3 6 1 110 25 7 53 55 8 3 50 
V416 1 68 145 68 0.271604938 -0.107550018 11 10 11 2 3 1 103 39 8 46 48 1 3 68 
V417 1 66 180 66 -0.232300328 1.016442403 9 20 9 2 10 3 80 20 8.5 49 49 7 2 100 
V418 0 73 180 0 1.531368103 1.016442403 12 3 0 1 3 1 100 50 8 45 50 2 4 20 
V419 0 67 185 0 0.019652305 1.177012749 10.5 12 0 2 3 2 120 45 6.5 52 55 5 3 20 
V420 1 65 135 65 -0.48425296 -0.428690709 7.5 10 7.5 2 4 0 100 1 7 50 46 4 2 50 
V421 0 73 190 0 1.531368103 1.337583095 11.5 4 0 4 4 3 110 20 8 46 49 1 2 30 
V422 1 62 95 62 -1.240110859 -1.713253476 5 15 5 2 0 3 90 12 9 53 62 6 2 3 
V423 0 68 132 0 0.271604938 -0.525032917 10 2 0 2 1 1 100 70 7.5 45 49 7 6 40 
V424 0 76 225 0 2.287226002 2.461575516 13 12 0 3 3 2 115 150 8 40 39 6 2 25 
V425 0 66 155 0 -0.232300328 0.213590674 9.5 3 0 2 0 1 90 2 7 51 53 2 5 97 
V426 1 62 124 62 -1.240110859 -0.78194547 7 56 7 4 2 0 100 35 8 59 65 7 2 85 
V427 0 75 190 0 2.035273369 1.337583095 12 8 0 2 0 1 135 7 7 43 47 4 1 75 
V428 1 61 155 61 -1.492063492 0.213590674 7.5 15 7.5 2 4 0 90 0 5.5 55 47 7 2 95 
V429 0 70 180 0 0.775510204 1.016442403 10.5 7 0 3 2 2 117 87 6 51 51 9 2 10 
V430 1 64 113 64 -0.736205593 -1.135200231 9 12 9 2 2 0 80 60 4.5 44 47 4 2 30 
V431 0 66 135 0 -0.232300328 -0.428690709 9 12 0 4 3 3 110 101 7 43 43 2 2 10 
V432 0 66 150 0 -0.232300328 0.053020328 10 6 0 2 0 2 100 15 7 60 65 4 2 12 
V433 1 61 127 61 -1.492063492 -0.685603263 6.5 30 6.5 2 1 2 90 15 5.5 55 58 6 2 95 
V434 0 72 182 0 1.27941547 1.080670542 11.5 5 0 2 1 3 115 10 8 51 53 7 3 100 
V435 0 71 195 0 1.027462837 1.498153441 11 16 0 3 0 2 110 12 5.5 53 53 4 2 25 
V436 0 67 150 0 0.019652305 0.053020328 9.5 15 0 2 0 1 70 30 7 51 55 7 6 50 
V437 1 64 125 64 -0.736205593 -0.749831401 7.5 15 7.5 2 4 2 90 7 7 46 48 3 2 75 
V438 0 72 150 0 1.27941547 0.053020328 10 10 0 2 0 0 90 20 6 50 50 7 3 50 
V439 1 63 125 63 -0.988158226 -0.749831401 7 20 7 2 4 3 60 30 6.5 42 42 4 1 75 
V440 1 65 132 65 -0.48425296 -0.525032917 7.5 15 7.5 2 2 4 100 2 7.5 46 46 4 4 20 
V441 1 68 125 68 0.271604938 -0.749831401 10.5 15 10.5 4 3 6 100 4 6.5 57 53 7 5 10 
V442 1 63 185 63 -0.988158226 1.177012749 10 6 10 2 0 0 75 15 6.5 43 51 7 2 50 
V443 1 66 185 66 -0.232300328 1.177012749 10.5 7 10.5 2 7 1 100 34 7 53 52 7 2 65 
V444 0 71 175 0 1.027462837 0.855872058 11.5 5 0 2 2 1 110 30 7 38 40 9 2 25 
V445 0 72 175 0 1.27941547 0.855872058 12 4 0 3 15 2 105 0 7 49 48 4 2 77 
V446 0 69 200 0 0.523557571 1.658723787 9.5 3 0 3 10 3 105 3 6.5 55 58 8 5 70 
V447 1 70 155 70 0.775510204 0.213590674 11 6 11 3 0 1 85 10 8 56 52 3 1 80 
V448 0 70 192 0 0.775510204 1.401811234 10.5 5 0 2 4 8 100 45 7.5 51 53 4 1 50 
V449 1 74 299 74 1.783320736 4.838016635 13 5 13 3 13 1 91 3 4 45 46 8 1 75 
V450 0 75 165 0 2.035273369 0.534731366 11 6 0 2 0 2 110 20 9 49 49 7 5 0 
V451 1 63 125 63 -0.988158226 -0.749831401 6.5 5 6.5 3 6 2 80 10 5 45 42 8 3 40 
V452 1 64 145 64 -0.736205593 -0.107550018 8.5 27 8.5 2 0 3 100 40 9 50 49 8 3 75 
V453 0 70 163 0 0.775510204 0.470503227 10 6 0 3 1 0 110 50 7 53 57 10 1 85 
V454 0 72 180 0 1.27941547 1.016442403 11 13 0 2 13 3 86 0 9 51 59 8 3 50 
V455 0 77 178 0 2.539178634 0.952214265 13.5 14 0 2 4 1 124 140 8 48 48 7 3 20 
V456 1 64 125 64 -0.736205593 -0.749831401 7 30 7 2 0 2 90 10 7 42 44 8 1 30 
V457 1 61 125 61 -1.492063492 -0.749831401 7.5 20 7.5 1 2 2 90 300 6.5 54 58 7 2 75 
V458 0 75 178 0 2.035273369 0.952214265 12 6 0 2 0 2 85 130 6 47 49 7 3 60 
V459 1 68 190 68 0.271604938 1.337583095 10 15 10 2 1 2 85 10 6.5 52 53 9 2 30 
V460 0 73 210 0 1.531368103 1.979864479 13 12 0 2 2 1 95 100 8 44 50 8 4 70 
V461 0 66 148 0 -0.232300328 -0.01120781 8.5 6 0 2 2 0 110 0 7 47 48 10 5 15 
V462 0 76 220 0 2.287226002 2.30100517 15 4 0 2 1 2 92 47 7 52 55 7 2 40 
V463 0 71 180 0 1.027462837 1.016442403 11 5 0 2 2 1 100 90 5 55 57 3 2 100 
V464 1 64 115 64 -0.736205593 -1.070972093 7 20 7 2 1 1 90 120 6 52 53 8 1 70 
V465 0 71 200 0 1.027462837 1.658723787 11 5 0 4 0 3 100 17 8 43 47 3 2 60 
V466 1 63 140 63 -0.988158226 -0.268120364 7.5 5 7.5 2 4 3 90 0 6 44 41 9 1 10 
V467 1 62 123 62 -1.240110859 -0.814059539 8.5 20 8.5 2 0 2 90 21 6.5 48 50 4 2 20 
V468 1 65 105 65 -0.48425296 -1.392112785 7 7 7 2 2 5 110 37 6.5 42 65 3 1 100 
V469 1 67 169 67 0.019652305 0.663187643 9 10 9 2 0 1 100 15 6 46 55 3 4 10 
V470 1 62 127 62 -1.240110859 -0.685603263 7.5 25 7.5 2 3 5 90 23 5.5 44 44 4 2 45 
V471 0 72 161 0 1.27941547 0.406275089 12 2 0 2 4 3 100 0 8 48 50 7 1 100 
V472 1 64 122 64 -0.736205593 -0.846173609 7 20 7 2 2 3 90 14 6 43 35 5 2 60 
V473 0 76 180 0 2.287226002 1.016442403 11.5 5 0 2 1 2 90 50 7 57 64 8 3 50 
V474 1 70 145 70 0.775510204 -0.107550018 10 13 10 2 4 1 94 21 7 48 52 2 2 25 
V475 1 66 95 66 -0.232300328 -1.713253476 6 12 6 2 1 0 80 10 8 46 44 7 1 70 
V476 0 76 184 0 2.287226002 1.14489868 13 12 0 4 3 2 100 61 7 52 52 8 1 50 
V477 1 62 109 62 -1.240110859 -1.263656508 7.5 12 7.5 2 1 2 109 10 6.5 50 59 3 1 92 
V478 0 73 158 0 1.531368103 0.309932882 11 10 0 2 1 2 102 53 7.5 50 56 7 4 50 
V479 1 67 130 67 0.019652305 -0.589261055 8.5 20 8.5 2 0 1 90 35 8 46 45 3 3 85 
V480 1 65 129 65 -0.48425296 -0.621375124 8 22 8 2 5 1 85 22 7 49 49 3 4 10 
V481 0 68 147 0 0.271604938 -0.043321879 10 5 0 2 2 4 130 60 6 50 56 6 1 50 
V482 1 66 120 66 -0.232300328 -0.910401747 7.5 10 7.5 2 4 1 90 20 8 53 53 10 2 3 
V483 0 74 215 0 1.783320736 2.140434824 12.5 10 0 2 10 2 100 150 7 51 53 9 6 0 
V484 1 66 120 66 -0.232300328 -0.910401747 8 6 8 3 10 2 50 7 7 48 43 8 1 50 
V485 1 63 115 63 -0.988158226 -1.070972093 8.5 10 8.5 2 5 2 90 0 8 61 56 10 2 20 
V486 1 66 118 66 -0.232300328 -0.974629885 7.5 25 7.5 2 6 3 85 20 7.5 49 57 6 2 50 
V487 1 64 120 64 -0.736205593 -0.910401747 7.5 25 7.5 4 1 1 90 19 8 49 47 1 2 25 
V488 0 72 145 0 1.27941547 -0.107550018 11.5 4 0 2 2 2 115 20 7 53 53 1 1 50 
V489 0 69 148 0 0.523557571 -0.01120781 9.5 5 0 2 6 1 121 19 7 50 50 6 6 30 
V490 1 68 145 68 0.271604938 -0.107550018 8.5 15 8.5 3 9 3 90 10 6 51 53 7 2 70 
V491 0 68 166 0 0.271604938 0.566845435 9.5 7 0 3 7 2 104 0 6 40 44 7 1 40 
V492 1 69 153 69 0.523557571 0.149362536 9.5 10 9.5 4 4 1 100 10 8 49 52 8 2 80 
V493 1 69 130 69 0.523557571 -0.589261055 9 20 9 2 3 2 90 20 7.5 52 59 4 2 95 
V494 1 62 115 62 -1.240110859 -1.070972093 7.5 10 7.5 2 1 4 105 0 6.5 44 46 7 1 75 
V495 1 69 177 69 0.523557571 0.920100196 10 30 10 2 0 2 105 45 7.5 50 50 9 2 50 
V496 0 69 160 0 0.523557571 0.37416102 10.5 3 0 3 5 1 80 200 6 51 52 8 2 10 
V497 0 66 127 0 -0.232300328 -0.685603263 9.5 5 0 2 0 1 90 60 8.5 52 54 3 1 50 
V498 1 60 120 60 -1.744016125 -0.910401747 4.5 45 4.5 2 1 0 120 3 6.5 50 52 2 3 55 
V499 0 66 184 0 -0.232300328 1.14489868 10.5 2 0 4 1 3 95 75 6.5 50 50 4 4 100 
V500 1 62 175 62 -1.240110859 0.855872058 7.5 50 7.5 3 5 1 110 200 7 47 49 7 2 50 
V501 1 67 135 67 0.019652305 -0.428690709 9 13 9 3 5 1 110 12 7 52 52 2 5 100 
V502 0 72 180 0 1.27941547 1.016442403 12 8 0 2 4 2 110 5 6 46 49 1 6 10 
V503 1 65 230 65 -0.48425296 2.622145862 8.5 40 8.5 2 1 0 80 600 8 52 50 4 2 25 
V504 0 71 154 0 1.027462837 0.181476605 10.5 8 0 2 1 1 120 42 7.5 41 43 10 4 25 
V505 1 65 160 65 -0.48425296 0.37416102 9.5 15 9.5 2 1 1 91 120 8.5 55 49 6 1 25 
V506 1 65 150 65 -0.48425296 0.053020328 7.5 27 7.5 3 0 2 90 45 6 49 49 7 3 50 
V507 0 75 195 0 2.035273369 1.498153441 11 5 0 2 0 1 115 70 7 49 53 7 0 50 
V508 1 63 115 63 -0.988158226 -1.070972093 6.5 17 6.5 2 1 3 80 3 8 52 52 3 2 90 
V509 1 66 115 66 -0.232300328 -1.070972093 8 30 8 2 3 1 110 0 8 48 49 4 2 90 
V510 1 68 160 68 0.271604938 0.37416102 10 10 10 3 2 3 90 80 8 47 50 7 5 20 
V511 1 65 170 65 -0.48425296 0.695301712 8.5 40 8.5 2 1 1 90 15 6.5 55 55 7 3 50 
V512 1 67 125 67 0.019652305 -0.749831401 10 18 10 2 4 3 90 16 7.5 52 57 1 2 87 
V513 1 64 126 64 -0.736205593 -0.717717332 6.5 40 6.5 3 3 1 90 16 7.5 57 57 3 1 25 
V514 1 68 160 68 0.271604938 0.37416102 9.5 10 9.5 3 7 2 109 38 4 41 45 8 4 90 
V515 1 64 119 64 -0.736205593 -0.942515816 7.5 17 7.5 2 2 3 65 35 8 48 52 7 2 80 
V516 1 67 135 67 0.019652305 -0.428690709 8.5 24 8.5 2 0 3 83 51 6 54 54 4 2 35 
V517 1 63 170 63 -0.988158226 0.695301712 9 74 9 2 7 2 90 30 7.5 51 51 6 1 50 
V518 1 67 135 67 0.019652305 -0.428690709 9.5 12 9.5 2 4 1 85 0 6 38 40 8 2 40 
V519 1 66 120 66 -0.232300328 -0.910401747 8 10 8 2 7 4 85 14 5.5 50 51 6 2 40 
V520 1 62 120 62 -1.240110859 -0.910401747 7.5 15 7.5 2 0 2 90 80 8 49 49 3 1 100 
V521 1 53 100 53 -3.507684555 -1.55268313 5.5 12 5.5 4 0 2 30 17 5 53 54 6 2 63 
V522 1 70 175 70 0.775510204 0.855872058 9 15 9 2 1 1 120 20 7 46 48 8 2 50 
V523 1 67 125 67 0.019652305 -0.749831401 9 40 9 2 2 2 100 100 7 54 61 5 3 50 
V524 1 67 132 67 0.019652305 -0.525032917 7 7 7 3 4 5 122 26 5 47 47 3 2 54 
V525 1 62 130 62 -1.240110859 -0.589261055 7 33 7 3 3 2 85 43 6 57 57 3 2 100 
V526 0 70 195 0 0.775510204 1.498153441 12 4 0 4 14 1 110 200 6.5 52 57 7 4 95 
V527 1 65 160 65 -0.48425296 0.37416102 8.5 8 8.5 2 2 2 80 5 5.5 51 53 5 2 25 
V528 1 72 146 72 1.27941547 -0.075435948 11 12 11 2 11 2 101 10 8 48 48 9 2 22 
V529 1 67 147 67 0.019652305 -0.043321879 8 14 8 2 1 2 65 2 8 46 54 6 2 43 
V530 1 66 132 66 -0.232300328 -0.525032917 7 100 7 2 0 1 120 200 6 53 48 5 2 30 
V531 1 67 247 67 0.019652305 3.168085038 9.5 10 9.5 4 0 4 30 0 6 44 44 9 1 30 
V532 1 67 122 67 0.019652305 -0.846173609 8 30 8 3 4 2 80 25 7.5 52 57 8 1 90 
V533 0 72 170 0 1.27941547 0.695301712 11.5 4 0 2 0 1 105 300 6 53 56 10 2 100 
V534 1 69 170 69 0.523557571 0.695301712 9 20 9 2 1 2 90 30 7 60 57 7 2 30 
V535 1 65 125 65 -0.48425296 -0.749831401 6.5 25 6.5 2 2 2 85 20 8.5 46 46 7 1 98 
V536 0 77 180 0 2.539178634 1.016442403 12 4 0 3 0 3 98 0 10 47 50 7 3 10 
V537 0 74 190 0 1.783320736 1.337583095 12 12 0 2 1 1 85 200 7.5 54 53 4 1 95 
V538 1 68 133 68 0.271604938 -0.492918848 9 29 9 2 1 1 82 20 7 49 54 2 2 80 
V539 1 68 155 68 0.271604938 0.213590674 10 10 10 2 30 2 80 20 7 50 51 7 1 75 
V540 1 67 145 67 0.019652305 -0.107550018 8 23 8 2 1 2 95 15 7 53 55 8 2 50 
V541 0 74 165 0 1.783320736 0.534731366 11.5 5 0 2 2 2 100 20 8.5 43 44 6 4 60 
V542 1 60 90 60 -1.744016125 -1.873823822 5.5 25 5.5 2 1 1 75 60 6 50 56 7 3 10 
V543 1 64 104 64 -0.736205593 -1.424226854 8.5 20 8.5 2 2 1 65 150 7 51 55 2 3 35 
V544 1 67 160 67 0.019652305 0.37416102 10 20 10 2 3 2 120 15 7 56 56 7 4 100 
V545 1 64 140 64 -0.736205593 -0.268120364 8 8 8 4 1 0 90 15 8.5 53 53 8 1 50 
V546 0 64 136 0 -0.736205593 -0.39657664 8 8 0 4 1 2 94 12 7 40 44 1 2 3 
V547 0 73 225 0 1.531368103 2.461575516 12 4 0 2 5 2 120 55 7.5 42 44 7 2 20 
V548 0 69 177 0 0.523557571 0.920100196 10 9 0 4 0 1 105 60 7 42 44 6 2 90 
V549 0 70 165 0 0.775510204 0.534731366 10 5 0 3 1 3 100 5 6 53 58 4 0 50 
V550 1 71 170 71 1.027462837 0.695301712 10.5 18 10.5 3 30 0 80 50 8.5 48 53 3 3 75 
V551 1 65 120 65 -0.48425296 -0.910401747 9 12 9 2 4 2 100 5 8 52 54 7 2 75 
V552 1 68 160 68 0.271604938 0.37416102 9 20 9 4 2 4 70 100 7 51 52 3 1 75 
V553 0 71 168 0 1.027462837 0.631073573 11 9 0 2 4 2 95 80 8.5 43 43 10 0 0 
V554 1 66 155 66 -0.232300328 0.213590674 8.5 15 8.5 2 9 3 100 60 6 62 61 4 6 75 
V555 1 64 136 64 -0.736205593 -0.39657664 7 18 7 1 0 1 80 77 7.5 55 58 3 1 40 
V556 0 73 200 0 1.531368103 1.658723787 12 6 0 2 6 2 100 0 6 50 58 4 3 75 
V557 1 70 150 70 0.775510204 0.053020328 10 25 10 4 1 2 86 0 7.5 54 58 3 2 25 
V558 1 62 125 62 -1.240110859 -0.749831401 7.5 14 7.5 1 1 7 80 38 6.5 60 62 8 2 98 
V559 0 73 160 0 1.531368103 0.37416102 13 4 0 2 2 2 75 75 7 47 49 2 1 100 
V560 1 63 144 63 -0.988158226 -0.139664087 9 14 9 3 1 4 80 20 7 64 65 3 3 90 
V561 0 72 200 0 1.27941547 1.658723787 13 4 0 2 0 1 93 26 7.5 46 49 4 2 90 
V562 1 67 162 67 0.019652305 0.438389158 9 14 9 4 3 2 90 80 5.5 53 52 7 1 30 
V563 1 65 160 65 -0.48425296 0.37416102 7.5 10 7.5 2 4 3 90 0 8 53 53 7 1 10 
V564 1 65 135 65 -0.48425296 -0.428690709 8 30 8 3 7 1 110 17 7.5 49 47 4 4 90 
V565 1 61 120 61 -1.492063492 -0.910401747 6 16 6 3 1 0 70 10 6.5 50 65 4 2 10 
V566 0 69 140 0 0.523557571 -0.268120364 10 3 0 2 2 2 80 35 6.5 51 52 8 5 55 
V567 0 68 150 0 0.271604938 0.053020328 11 5 0 3 0 2 110 50 6.5 45 43 6 2 32 
V568 1 66 125 66 -0.232300328 -0.749831401 8.5 30 8.5 3 1 2 110 12 6.5 56 58 5 1 100 
V569 1 62 125 62 -1.240110859 -0.749831401 7 10 7 2 4 1 70 10 7 51 51 6 2 30 
V570 1 68 160 68 0.271604938 0.37416102 9.5 15 9.5 2 3 2 80 20 6 51 59 6 2 90 
V571 1 65 125 65 -0.48425296 -0.749831401 8 10 8 2 0 1 80 85 7 48 53 7 2 30 
V572 0 77 195 0 2.539178634 1.498153441 12.5 4 0 3 2 9 95 31 7 62 65 7 2 0 
V573 0 72 175 0 1.27941547 0.855872058 10 5 0 2 4 3 100 50 7 46 46 7 2 50 
V574 1 67 155 67 0.019652305 0.213590674 10 15 10 2 2 1 90 0 7 49 55 6 2 60 
V575 0 66 161 0 -0.232300328 0.406275089 8 8 0 5 3 6 95 42 7 65 65 4 3 100 
V576 0 66 140 0 -0.232300328 -0.268120364 9.5 15 0 2 0 2 100 20 6 46 49 5 2 50 
V577 1 67 133 67 0.019652305 -0.492918848 9 30 9 2 0 1 60 5 7 46 60 4 2 50 
V578 1 68 125 68 0.271604938 -0.749831401 8 15 8 2 4 2 99 21 6 56 59 7 2 50 
V579 1 66 165 66 -0.232300328 0.534731366 9.5 6 9.5 3 1 3 75 3 6 52 53 7 1 74 
V580 0 73 145 0 1.531368103 -0.107550018 11 6 0 3 14 2 102 22 9 60 63 8 5 100 
V581 1 62 120 62 -1.240110859 -0.910401747 8.5 6 8.5 2 5 1 120 20 6 54 59 6 2 75 
V582 1 65 165 65 -0.48425296 0.534731366 11 11 11 4 3 2 115 10 5.5 53 54 7 2 49 
V583 0 72 220 0 1.27941547 2.30100517 11.5 10 0 4 3 5 115 100 6 46 48 3 1 25 
V584 0 76 176 0 2.287226002 0.887986127 11 7 0 3 0 0 28 1000 7 45 48 7 2 5 
V585 1 69 140 69 0.523557571 -0.268120364 9.5 15 9.5 2 2 3 95 40 8 49 50 9 1 90 
V586 1 64 107 64 -0.736205593 -1.327884646 7 12 7 2 1 1 90 70 8 54 56 7 2 30 
V587 1 64 135 64 -0.736205593 -0.428690709 7.5 8 7.5 2 1 0 80 18 8 60 58 7 2 0 
V588 1 69 180 69 0.523557571 1.016442403 9 13 9 2 4 1 87 58 8 48 47 5 2 30 
V589 1 65 128 65 -0.48425296 -0.653489194 8 25 8 3 5 1 115 1 8 52 51 7 2 10 
V590 0 71 185 0 1.027462837 1.177012749 10.5 8 0 2 1 3 110 0 7.5 49 49 3 1 25 
V591 0 72 185 0 1.27941547 1.177012749 13.5 6 0 2 0 3 90 10 6.5 49 48 6 3 50 
V592 0 72 165 0 1.27941547 0.534731366 11 11 0 2 1 2 95 500 8 53 54 5 3 30 
V593 1 69 130 69 0.523557571 -0.589261055 9 30 9 4 2 2 110 0 7.5 52 50 8 3 50 
V594 1 61 99 61 -1.492063492 -1.5847972 6 12 6 2 0 0 70 3 7 52 54 8 4 15 
V595 0 74 210 0 1.783320736 1.979864479 12 5 0 2 0 2 40 5 6 51 55 7 2 100 
V596 1 66 155 66 -0.232300328 0.213590674 11 13 11 2 4 1 95 30 7 52 58 7 3 100 
V597 1 58 93 58 -2.247921391 -1.777481615 4 20 4 2 2 3 84 25 7 37 46 4 1 60 
V598 0 72 165 0 1.27941547 0.534731366 12 1 0 2 0 0 100 200 7 46 57 1 2 50 
V599 0 70 192 0 0.775510204 1.401811234 10.5 3 0 3 1 1 140 0 7.5 51 53 6 2 90 
V600 0 69 178 0 0.523557571 0.952214265 10.5 8 0 2 2 4 106 35 6.5 48 52 4 5 60 
V601 0 76 185 0 2.287226002 1.177012749 12 5 0 2 2 1 90 2 8 48 51 5 1 5 
V602 1 62 135 62 -1.240110859 -0.428690709 8 20 8 1 6 2 80 40 8 42 47 6 3 40 
V603 0 67 150 0 0.019652305 0.053020328 10 5 0 2 0 2 85 3 8 51 51 4 2 50 
V604 1 63 124 63 -0.988158226 -0.78194547 5 25 5 2 1 2 100 15 8 44 46 5 1 50 
V605 1 69 143 69 0.523557571 -0.171778156 8 15 8 2 1 4 90 12 7 56 56 5 3 60 
V606 1 67 125 67 0.019652305 -0.749831401 9 10 9 2 6 3 80 7 4 35 36 9 2 25 
V607 1 66 270 66 -0.232300328 3.906708629 9.5 25 9.5 2 1 3 80 0 6.5 42 41 8 2 10 
V608 0 77 200 0 2.539178634 1.658723787 13 6 0 2 2 1 110 0 7.5 53 52 7 3 80 
V609 0 72 192 0 1.27941547 1.401811234 13 7 0 2 1 2 95 15 7 52 52 9 4 50 
V610 0 70 138 0 0.775510204 -0.332348502 10 5 0 3 5 2 85 200 7 52 55 7 5 100 
V611 1 68 123 68 0.271604938 -0.814059539 8 65 8 2 7 4 120 200 7 46 43 1 1 0 
V612 1 67 153 67 0.019652305 0.149362536 7 10 7 2 3 1 90 32 7.5 54 50 6 2 50 
V613 0 72 150 0 1.27941547 0.053020328 13 10 0 3 8 4 90 0 7 59 53 3 2 30 
V614 0 71 165 0 1.027462837 0.534731366 10.5 8 0 3 0 3 80 150 6.5 52 52 1 1 90 
V615 1 66 133 66 -0.232300328 -0.492918848 8.5 17 8.5 2 7 5 90 30 8.5 47 46 3 4 90 
V616 1 64 105 64 -0.736205593 -1.392112785 6 70 6 2 0 0 100 10 6.5 56 61 6 2 50 
V617 1 55 145 55 -3.003779289 -0.107550018 8 40 8 2 2 2 95 35 6.5 57 59 7 2 50 
V618 0 69 175 0 0.523557571 0.855872058 10 4 0 2 0 1 90 7 6 51 56 7 3 5 
V619 1 66 193 66 -0.232300328 1.433925303 8 61 8 2 1 1 91 9 6.5 49 51 1 2 95 
V620 1 67 125 67 0.019652305 -0.749831401 8.5 38 8.5 2 3 1 101 42 8 51 49 7 2 50 
V621 1 64 135 64 -0.736205593 -0.428690709 7 15 7 2 0 1 85 5 7 41 49 8 2 80 
V622 1 65 125 65 -0.48425296 -0.749831401 9 20 9 2 1 3 120 50 8 46 48 9 1 75 
V623 1 63 140 63 -0.988158226 -0.268120364 8.5 20 8.5 2 3 1 85 200 7.5 53 56 5 1 50 
V624 1 62 125 62 -1.240110859 -0.749831401 7 20 7 3 1 10 90 0 6 48 44 7 2 10 
V625 0 71 165 0 1.027462837 0.534731366 10.5 9 0 2 0 7 90 4 7 47 49 1 1 50 
V626 1 64 125 64 -0.736205593 -0.749831401 7 27 7 2 0 1 80 300 5 49 49 7 1 75 
V627 0 77 195 0 2.539178634 1.498153441 12 3 0 3 2 2 125 50 8 52 55 7 2 1 
V628 1 65 165 65 -0.48425296 0.534731366 8 30 8 3 6 2 90 29 6 50 53 7 1 50 
V629 1 64 178 64 -0.736205593 0.952214265 8.5 10 8.5 2 2 3 102 71 6.5 49 51 9 1 50 
V630 1 66 138 66 -0.232300328 -0.332348502 8.5 8 8.5 2 3 0 105 60 8 50 50 2 1 40 
V631 0 64 145 0 -0.736205593 -0.107550018 10 6 0 2 1 3 80 60 7 50 54 5 3 20 
V632 1 64 119 64 -0.736205593 -0.942515816 6.5 10 6.5 2 0 1 110 200 7 40 45 2 3 75 
V633 1 65 160 65 -0.48425296 0.37416102 10 10 10 2 8 0 115 20 7 42 44 5 2 100 
V634 0 73 175 0 1.531368103 0.855872058 12 4 0 2 2 2 120 10 7 50 51 8 2 65 
V635 0 66 145 0 -0.232300328 -0.107550018 8.5 3 0 2 1 1 96 20 6 53 53 4 5 40 
V636 1 64 125 64 -0.736205593 -0.749831401 7 8 7 2 5 6 87 4 7.5 48 48 4 2 55 
V637 1 66 111 66 -0.232300328 -1.19942837 8 15 8 2 4 1 90 8 7 46 47 6 2 90 
V638 1 67 145 67 0.019652305 -0.107550018 9 15 9 2 7 3 80 10 8.5 47 46 4 2 65 
V639 1 66 190 66 -0.232300328 1.337583095 10 55 10 2 3 1 115 20 8 51 52 7 2 40 
V640 1 60 99 60 -1.744016125 -1.5847972 6 15 6 2 2 1 90 100 7 41 44 2 1 40 
V641 1 64 106 64 -0.736205593 -1.359998715 6.5 12 6.5 2 2 1 70 10 7 47 48 3 1 10 
V642 1 63 108 63 -0.988158226 -1.295770577 7 28 7 2 8 3 85 1 8 54 57 8 3 95 
V643 1 65 104 65 -0.48425296 -1.424226854 7 15 7 2 1 0 80 20 7 46 51 7 2 50 
V644 1 61 160 61 -1.492063492 0.37416102 8 50 8 2 0 0 85 140 7 47 47 2 1 50 
V645 1 65 114 65 -0.48425296 -1.103086162 7.5 13 7.5 3 0 2 100 140 7 63 64 2 2 50 
V646 0 67 135 0 0.019652305 -0.428690709 8 8 0 1 1 1 95 0 7 45 46 3 1 20 
V647 0 73 170 0 1.531368103 0.695301712 11 10 0 3 3 1 85 15 5 57 58 8 1 90 
V648 1 64 165 64 -0.736205593 0.534731366 8.5 15 8.5 3 2 1 120 15 6.5 50 60 10 2 10 
V649 1 66 141 66 -0.232300328 -0.236006294 8 9 8 2 4 3 80 1 8 51 54 8 2 30 
V650 1 63 130 63 -0.988158226 -0.589261055 7 20 7 2 3 4 125 6 7 47 47 9 3 10 
V651 1 66 155 66 -0.232300328 0.213590674 8.5 51 8.5 4 5 1 90 6 5.5 57 59 4 2 50 
V652 0 70 170 0 0.775510204 0.695301712 11.5 5 0 2 0 1 115 21 7.5 43 46 7 4 100 
V653 1 62 150 62 -1.240110859 0.053020328 8.5 10 8.5 2 3 1 75 20 8 43 44 8 2 50 
V654 1 66 130 66 -0.232300328 -0.589261055 8 30 8 2 4 2 100 20 6 52 53 3 1 100 
V655 1 68 138 68 0.271604938 -0.332348502 8 42 8 3 6 0 82 43 7 52 50 5 2 99 
V656 1 65 180 65 -0.48425296 1.016442403 8.5 10 8.5 2 1 1 100 0 6.5 49 48 6 1 100 
V657 1 64 170 64 -0.736205593 0.695301712 9.5 10 9.5 2 1 3 80 1 8.5 50 60 6 4 85 
V658 1 66 160 66 -0.232300328 0.37416102 9 25 9 3 1 1 100 30 7 54 54 6 4 50 
V659 0 72 200 0 1.27941547 1.658723787 8.5 3 0 2 1 2 100 500 5 37 47 1 1 50 
V660 1 68 145 68 0.271604938 -0.107550018 8.5 25 8.5 2 5 1 100 5 6 47 51 7 2 75 
V661 1 62 135 62 -1.240110859 -0.428690709 7 13 7 2 1 2 70 0 6 47 51 2 1 50 
V662 1 67 127 67 0.019652305 -0.685603263 8 11 8 2 1 1 91 71 6.5 47 47 5 1 25 
V663 1 66 143 66 -0.232300328 -0.171778156 8.5 8 8.5 3 8 2 60 20 6.5 47 40 3 4 73 
V664 1 65 135 65 -0.48425296 -0.428690709 7 25 7 2 6 1 90 40 7 49 49 8 2 100 
V665 1 66 140 66 -0.232300328 -0.268120364 8.5 10 8.5 2 5 3 90 22 7.5 48 50 6 2 90 
V666 0 66 150 0 -0.232300328 0.053020328 8 5 0 2 1 1 62 1000 8 45 48 5 2 90 
V667 0 71 180 0 1.027462837 1.016442403 12 7 0 2 1 1 85 17 6 51 50 2 3 50 
V668 0 71 158 0 1.027462837 0.309932882 10 6 0 3 8 1 120 4 7 49 51 6 3 50 
V669 1 66 145 66 -0.232300328 -0.107550018 8 60 8 3 1 3 80 25 7 54 54 6 3 50 
V670 1 59 125 59 -1.995968758 -0.749831401 7 12 7 3 1 1 85 300 7 50 53 8 2 90 
V671 0 67 120 0 0.019652305 -0.910401747 10 10 0 3 2 2 115 10 7 54 50 7 2 90 
V672 0 71 175 0 1.027462837 0.855872058 10.5 5 0 2 5 1 90 20 8 47 47 7 6 100 
V673 1 65 255 65 -0.48425296 3.424997591 11 30 11 3 5 4 30 200 8 39 42 5 3 50 
V674 0 69 133 0 0.523557571 -0.492918848 10.5 4 0 2 0 1 65 5 7 51 58 3 3 90 
V675 1 70 135 70 0.775510204 -0.428690709 9 25 9 2 1 2 90 20 7.5 46 50 8 2 25 
V676 0 73 184 0 1.531368103 1.14489868 12 8 0 3 9 1 107 120 7.5 50 49 8 4 0 
V677 1 67 145 67 0.019652305 -0.107550018 7.5 50 7.5 2 2 1 95 35 8 52 54 1 2 75 
V678 1 64 150 64 -0.736205593 0.053020328 8.5 13 8.5 2 1 2 126 22 7.5 43 51 7 2 90 
V679 1 69 160 69 0.523557571 0.37416102 10 25 10 4 0 1 97 17 6 58 58 7 1 90 
V680 0 70 182 0 0.775510204 1.080670542 11 10 0 2 3 1 140 20 6 52 58 3 4 5 
V681 1 64 130 64 -0.736205593 -0.589261055 6 12 6 3 0 0 80 0 7 52 55 4 5 30 
V682 1 66 150 66 -0.232300328 0.053020328 9 60 9 3 3 2 85 20 7.5 43 48 10 2 50 
V683 0 75 220 0 2.035273369 2.30100517 12.5 5 0 3 3 3 90 100 6 52 52 9 2 10 
V684 1 65 106 65 -0.48425296 -1.359998715 7.5 30 7.5 2 11 2 102 15 11 52 59 1 1 60 
V685 1 69 105 69 0.523557571 -1.392112785 9 40 9 2 5 1 88 80 7 44 47 6 1 75 
V686 0 67 146 0 0.019652305 -0.075435948 8.5 3 0 2 2 1 105 200 6.5 50 51 10 1 99 
V687 0 69 200 0 0.523557571 1.658723787 12 5 0 2 8 3 120 35 8 48 48 4 2 75 
V688 0 72 140 0 1.27941547 -0.268120364 11 6 0 2 0 0 85 110 8 52 57 6 3 100 
V689 1 62 113 62 -1.240110859 -1.135200231 7.5 25 7.5 2 3 2 105 30 8 53 53 3 2 50 
V690 1 63 120 63 -0.988158226 -0.910401747 6 30 6 2 0 0 80 700 8 48 50 7 0 60 
V691 0 68 190 0 0.271604938 1.337583095 10.5 5 0 5 0 1 85 30 7 57 59 7 3 10 
V692 0 71 160 0 1.027462837 0.37416102 11.5 10 0 3 3 2 107 300 7 45 45 6 2 10 
V693 0 74 215 0 1.783320736 2.140434824 13 6 0 2 2 1 90 500 6.5 49 54 6 2 15 
V694 1 65 155 65 -0.48425296 0.213590674 9 37 9 2 7 3 90 4 7 49 55 6 2 80 
V695 1 62 110 62 -1.240110859 -1.231542439 6 25 6 3 4 2 80 75 7 49 49 7 1 100 
V696 1 69 190 69 0.523557571 1.337583095 10 15 10 2 0 2 128 29 6 57 62 7 2 25 
V697 1 66 147 66 -0.232300328 -0.043321879 9 15 9 2 1 2 124 28 8 46 55 3 3 65 
V698 1 63 126 63 -0.988158226 -0.717717332 7.5 33 7.5 2 2 5 103 63 7.5 47 47 2 1 40 
V699 1 70 140 70 0.775510204 -0.268120364 9 35 9 2 1 2 85 5 6.5 48 50 9 2 99 
V700 1 66 165 66 -0.232300328 0.534731366 7 20 7 2 5 2 105 5 8 55 57 9 2 10 
V701 1 65 148 65 -0.48425296 -0.01120781 9 15 9 2 5 1 115 31 10 47 48 9 2 50 
V702 1 67 150 67 0.019652305 0.053020328 8 24 8 2 6 3 120 85 5 45 50 3 1 20 
V703 0 67 135 0 0.019652305 -0.428690709 8.5 6 0 2 0 1 100 75 7 44 46 6 3 20 
V704 1 62 99 62 -1.240110859 -1.5847972 6.5 40 6.5 2 4 1 130 1000 8 44 50 9 1 15 
V705 1 65 140 65 -0.48425296 -0.268120364 8 19 8 2 1 2 100 0 8.5 41 42 6 1 100 
V706 1 68 190 68 0.271604938 1.337583095 10 10 10 2 1 1 80 5 8 47 48 3 3 5 
V707 1 62 125 62 -1.240110859 -0.749831401 6 17 6 3 4 2 82 107 6.5 53 56 7 1 50 
V708 1 65 117 65 -0.48425296 -1.006743955 7.5 15 7.5 2 0 1 85 0 6 46 46 8 1 100 
V709 1 67 155 67 0.019652305 0.213590674 8 15 8 3 3 1 100 5 8 48 48 7 2 75 
V710 1 69 150 69 0.523557571 0.053020328 8 27 8 3 3 1 140 4 6 52 54 2 2 95 
V711 1 67 137 67 0.019652305 -0.364462571 8 20 8 4 5 2 90 1 7 52 51 5 2 50 
V712 0 67 160 0 0.019652305 0.37416102 9 4 0 2 2 1 90 30 7 52 54 5 3 70 
V713 1 66 115 66 -0.232300328 -1.070972093 7.5 20 7.5 2 0 2 90 10 7 46 50 5 2 85 
V714 1 62 140 62 -1.240110859 -0.268120364 7.5 40 7.5 2 0 1 100 0 7.5 58 60 3 3 90 
V715 0 72 172 0 1.27941547 0.75952985 11.5 20 0 2 3 1 120 2 6 59 56 7 1 30 
V716 0 70 154 0 0.775510204 0.181476605 10.5 8 0 2 0 1 105 1 7 53 54 5 2 25 
V717 0 68 141 0 0.271604938 -0.236006294 8.5 5 0 2 0 0 60 15 6.5 45 47 8 1 50 
V718 1 63 115 63 -0.988158226 -1.070972093 7 10 7 2 2 2 82 20 6 51 51 4 2 100 
V719 1 65 105 65 -0.48425296 -1.392112785 7 10 7 2 3 1 90 13 9.5 45 48 2 3 43 
V720 1 66 100 66 -0.232300328 -1.55268313 7 30 7 4 1 4 110 5 6.5 43 41 6 2 40 
V721 1 66 145 66 -0.232300328 -0.107550018 8 17 8 2 0 2 110 20 8 51 50 2 2 60 
V722 0 72 170 0 1.27941547 0.695301712 13.5 6 0 3 12 1 140 12 6.5 41 45 3 2 12 
V723 1 66 129 66 -0.232300328 -0.621375124 8 7 8 3 5 2 115 200 6.5 51 57 8 3 99 
V724 1 64 145 64 -0.736205593 -0.107550018 5.5 5 5.5 2 0 2 90 12 5 49 54 8 0 45 
V725 1 60 105 60 -1.744016125 -1.392112785 6 50 6 2 2 1 100 40 7.5 55 53 2 2 75 
V726 1 63 106 63 -0.988158226 -1.359998715 6.5 30 6.5 2 8 1 85 20 8 44 45 9 2 50 
V727 1 61 110 61 -1.492063492 -1.231542439 7 10 7 2 0 2 20 10 8 45 49 2 1 50 
V728 1 63 115 63 -0.988158226 -1.070972093 6.5 25 6.5 2 6 2 85 60 8.5 51 52 2 2 100 
V729 1 63 112 63 -0.988158226 -1.1673143 8 22 8 2 2 3 70 50 7 53 55 2 3 65 
V730 0 69 145 0 0.523557571 -0.107550018 11 9 0 3 3 3 110 20 5 47 48 5 5 50 
V731 1 63 137 63 -0.988158226 -0.364462571 9 30 9 4 4 2 110 0 7 47 47 4 3 98 
V732 0 67 165 0 0.019652305 0.534731366 10.5 4 0 2 2 1 115 2 7 55 57 2 1 50 
V733 0 76 215 0 2.287226002 2.140434824 13.5 5 0 2 0 3 95 15 8 41 45 8 2 15 
V734 1 62 115 62 -1.240110859 -1.070972093 8.5 20 8.5 3 1 1 102 14 5 54 54 4 2 20 
V735 0 68 180 0 0.271604938 1.016442403 11.5 10 0 2 0 1 80 10 7 48 57 3 2 80 
V736 1 64 100 64 -0.736205593 -1.55268313 6 11 6 2 0 1 80 40 7 48 53 6 2 2 
V737 0 68 152 0 0.271604938 0.117248467 7 6 0 3 1 1 140 16 8 54 55 7 6 50 
V738 1 64 115 64 -0.736205593 -1.070972093 7.5 15 7.5 2 1 1 100 50 6.5 50 57 7 2 5 
V739 1 71 180 71 1.027462837 1.016442403 12 10 12 2 4 2 90 0 6 46 41 10 5 50 
V740 1 65 120 65 -0.48425296 -0.910401747 7 7 7 2 8 1 100 18 6.5 48 48 7 2 30 
V741 1 64 120 64 -0.736205593 -0.910401747 7 50 7 2 1 1 100 13 6.5 42 42 6 2 50 
V742 1 60 125 60 -1.744016125 -0.749831401 6 12 6 2 1 1 76 300 7.5 39 39 4 2 100 
V743 1 67 115 67 0.019652305 -1.070972093 9 20 9 4 2 2 90 130 8.5 51 52 2 1 52 
V744 1 65 165 65 -0.48425296 0.534731366 8.5 6 8.5 2 2 1 90 0 7 42 45 8 1 50 
V745 1 66 160 66 -0.232300328 0.37416102 9 30 9 3 1 4 91 100 8.5 53 50 5 2 50 
V746 1 64 140 64 -0.736205593 -0.268120364 9 20 9 2 1 2 95 23 8 45 45 3 1 90 
V747 1 65 118 65 -0.48425296 -0.974629885 7 10 7 4 2 2 60 20 7 53 58 7 2 60 
V748 1 67 154 67 0.019652305 0.181476605 8.5 14 8.5 2 1 1 90 40 7 50 50 9 1 50 
V749 1 64 120 64 -0.736205593 -0.910401747 7 11 7 4 1 1 80 140 8 53 55 6 1 20 
V750 1 60 105 60 -1.744016125 -1.392112785 6 20 6 3 6 3 100 1 7.5 43 43 5 2 50 
V751 1 63 140 63 -0.988158226 -0.268120364 7.5 15 7.5 2 2 2 60 15 8 49 49 2 1 10 
V752 1 64 115 64 -0.736205593 -1.070972093 6.5 12 6.5 2 0 1 75 106 7.5 51 49 6 1 50 
V753 1 64 136 64 -0.736205593 -0.39657664 7 15 7 1 8 4 91 0 7 59 55 7 2 50 
V754 1 62 100 62 -1.240110859 -1.55268313 8 20 8 2 10 1 70 200 8 42 45 10 3 100 
V755 0 67 140 0 0.019652305 -0.268120364 8.5 10 0 3 2 3 70 1 8 52 47 9 2 100 
V756 0 70 166 0 0.775510204 0.566845435 10.5 4 0 3 1 1 115 42 6.5 47 52 5 2 95 
V757 1 65 125 65 -0.48425296 -0.749831401 8 22 8 2 5 1 80 150 7 49 51 2 5 30 
V758 1 61 136 61 -1.492063492 -0.39657664 7.5 10 7.5 3 7 5 70 9 8.5 43 45 7 2 90 
V759 0 71 163 0 1.027462837 0.470503227 11 11 0 3 4 7 90 8 7 50 65 6 2 90 
V760 1 63 145 63 -0.988158226 -0.107550018 8 24 8 2 3 2 85 30 8 48 47 8 2 50 
V761 1 67 170 67 0.019652305 0.695301712 8 25 8 3 6 2 108 0 7 46 44 4 3 90 
V762 0 72 190 0 1.27941547 1.337583095 11.5 5 0 4 8 4 106 70 7 45 47 6 6 20 
V763 1 70 165 70 0.775510204 0.534731366 11 30 11 2 0 1 98 6 7 51 52 8 3 10 
V764 1 67 170 67 0.019652305 0.695301712 9 40 9 4 15 3 90 80 8 55 65 5 1 30 
V765 0 75 180 0 2.035273369 1.016442403 11 6 0 3 1 2 90 15 7 50 51 4 2 10 
V766 1 62 120 62 -1.240110859 -0.910401747 7 40 7 2 3 2 50 150 6.5 42 41 7 2 20 
V767 1 66 187 66 -0.232300328 1.241240888 10 32 10 2 3 3 85 21 7 50 42 5 4 60 
V768 1 63 175 63 -0.988158226 0.855872058 8.5 8 8.5 3 0 4 86 15 6 40 46 7 2 95 
V769 0 72 180 0 1.27941547 1.016442403 10.5 6 0 2 2 2 100 20 4 53 57 9 2 15 
V770 0 72 155 0 1.27941547 0.213590674 12 6 0 4 1 1 105 20 7 46 56 1 2 30 
V771 0 72 164 0 1.27941547 0.502617297 11 5 0 2 5 1 120 400 7.5 59 61 2 2 10 
V772 1 71 185 71 1.027462837 1.177012749 12 6 12 2 4 2 100 14 5 44 39 9 4 50 
V773 1 67 117 67 0.019652305 -1.006743955 8 10 8 2 2 1 80 0 8 57 57 6 3 10 
V774 1 64 135 64 -0.736205593 -0.428690709 7.5 25 7.5 2 30 2 105 0 6 51 52 6 2 60 
V775 0 67 155 0 0.019652305 0.213590674 10 8 0 2 4 1 110 5 6.5 46 46 8 2 50 
V776 1 62 116 62 -1.240110859 -1.038858024 5.5 11 5.5 2 4 0 20 11 6.5 43 45 7 3 60 
V777 0 72 195 0 1.27941547 1.498153441 11 3 0 2 3 2 110 0 8 58 65 10 4 100 
V778 1 67 187 67 0.019652305 1.241240888 9.5 78 9.5 4 13 4 100 120 6.5 52 51 3 1 20 
V779 0 66 128 0 -0.232300328 -0.653489194 9 8 0 3 3 4 20 1000 6 42 44 6 1 45 
V780 0 68 174 0 0.271604938 0.823757988 11 8 0 3 3 1 95 61 5.5 51 53 4 4 50 
V781 1 67 136 67 0.019652305 -0.39657664 9 10 9 2 2 4 68 300 7 37 39 6 2 45 
V782 1 65 128 65 -0.48425296 -0.653489194 8 20 8 2 0 1 77 0 7 54 56 2 2 50 
V783 1 68 130 68 0.271604938 -0.589261055 8 19 8 2 2 2 90 130 7 50 50 8 4 40 
V784 1 65 131 65 -0.48425296 -0.557146986 8.5 25 8.5 4 3 2 110 5 6.5 56 54 2 2 50 
V785 1 60 132 60 -1.744016125 -0.525032917 8 14 8 2 0 2 100 0 6 57 63 7 2 33 
V786 1 68 145 68 0.271604938 -0.107550018 9 20 9 3 5 3 110 3 6 56 56 8 2 100 
V787 0 68 156 0 0.271604938 0.245704743 10 12 0 2 1 2 100 90 7 50 50 8 1 49 
V788 1 66 120 66 -0.232300328 -0.910401747 8 15 8 2 4 3 100 85 8 55 55 2 1 50 
V789 1 62 140 62 -1.240110859 -0.268120364 8 25 8 2 1 1 90 102 7 40 46 6 2 50 
V790 0 75 189 0 2.035273369 1.305469026 12 7 0 2 3 2 95 1000 8 54 56 2 3 15 
V791 1 68 180 68 0.271604938 1.016442403 9 8 9 2 2 1 106 9 6 54 59 3 4 60 
V792 1 62 141 62 -1.240110859 -0.236006294 7 4 7 2 1 2 90 3 5 57 58 3 2 50 
V793 1 62 140 62 -1.240110859 -0.268120364 7.5 20 7.5 3 5 4 110 67 7 56 62 4 2 5 
V794 1 62 130 62 -1.240110859 -0.589261055 8 10 8 3 2 2 100 0 7 47 46 7 2 50 
V795 1 70 150 70 0.775510204 0.053020328 9.5 11 9.5 2 6 1 20 18 7 52 56 2 2 50 
V796 0 69 160 0 0.523557571 0.37416102 9 6 0 2 0 1 100 18 7 48 50 4 2 90 
V797 0 70 155 0 0.775510204 0.213590674 11 4 0 2 0 1 95 6 7 49 47 7 2 40 
V798 1 68 180 68 0.271604938 1.016442403 9.5 12 9.5 3 2 1 75 60 7 53 49 6 2 100 
V799 1 66 155 66 -0.232300328 0.213590674 9 15 9 2 15 7 67 0 8 46 51 6 2 75 
V800 1 69 178 69 0.523557571 0.952214265 8 22 8 3 3 0 100 17 8 56 60 1 2 25 
V801 0 73 177 0 1.531368103 0.920100196 11.5 9 0 2 5 4 110 48 6 50 52 8 2 85 
V802 1 64 138 64 -0.736205593 -0.332348502 8.5 21 8.5 2 2 3 30 5 7.5 42 45 4 4 50 
V803 1 67 160 67 0.019652305 0.37416102 8.5 10 8.5 3 8 1 85 15 7 54 55 6 0 75 
V804 0 70 160 0 0.775510204 0.37416102 10.5 7 0 3 3 4 90 6 7 51 65 3 2 50 
V805 0 66 145 0 -0.232300328 -0.107550018 9 5 0 2 6 0 93 6 7 55 65 7 2 2 
V806 1 66 125 66 -0.232300328 -0.749831401 8 15 8 2 1 1 88 25 7 54 58 5 1 60 
V807 0 70 190 0 0.775510204 1.337583095 11 6 0 2 1 2 100 60 7 50 57 7 5 40 
V808 1 70 130 70 0.775510204 -0.589261055 8 20 8 3 5 1 83 0 8 56 65 5 2 50 
V809 1 65 120 65 -0.48425296 -0.910401747 7 27 7 3 4 1 102 11 7 47 47 7 2 20 
V810 1 64 150 64 -0.736205593 0.053020328 8.5 18 8.5 2 4 1 120 45 7 62 61 3 2 90 
V811 1 64 108 64 -0.736205593 -1.295770577 8 15 8 2 3 1 90 107 9 52 55 2 2 80 
V812 1 68 135 68 0.271604938 -0.428690709 10 25 10 2 1 4 80 20 8 54 56 5 3 100 
V813 0 70 130 0 0.775510204 -0.589261055 11 4 0 2 1 3 85 90 8 51 62 2 3 10 
V814 1 71 176 71 1.027462837 0.887986127 11.5 12 11.5 2 2 0 90 0 6 57 59 7 2 10 
V815 1 62 110 62 -1.240110859 -1.231542439 6.5 20 6.5 2 1 1 120 50 6 45 48 4 1 85 
V816 1 61 120 61 -1.492063492 -0.910401747 6 21 6 3 10 2 82 15 5 43 42 7 1 70 
V817 0 73 225 0 1.531368103 2.461575516 11.5 6 0 3 10 0 90 15 6 60 60 7 2 10 
V818 0 72 185 0 1.27941547 1.177012749 11 6 0 2 5 1 110 700 7 52 52 5 6 50 
V819 1 63 157 63 -0.988158226 0.277818812 7.5 20 7.5 2 2 1 100 17 8 54 47 6 3 75 
V820 1 74 155 74 1.783320736 0.213590674 11.5 10 11.5 3 5 2 95 30 9.5 52 55 8 2 50 
V821 0 68 175 0 0.271604938 0.855872058 11.5 1 0 3 2 3 110 20 6 42 42 5 5 2 
V822 1 63 108 63 -0.988158226 -1.295770577 7 88 7 2 5 12 198 0 4 36 35 1 0 0 
V823 1 65 140 65 -0.48425296 -0.268120364 7 10 7 3 3 2 100 80 5 49 51 5 2 5 
V824 0 71 140 0 1.027462837 -0.268120364 10 5 0 1 2 1 120 80 10 46 47 6 1 15 
V825 1 67 122 67 0.019652305 -0.846173609 8 20 8 3 4 2 60 3 9 48 48 3 2 50 
V826 1 61 100 61 -1.492063492 -1.55268313 6 20 6 2 1 1 80 50 8 52 54 5 1 80 
V827 1 62 125 62 -1.240110859 -0.749831401 7.5 15 7.5 2 0 2 80 50 7.5 53 54 8 1 99 
V828 1 66 150 66 -0.232300328 0.053020328 7 15 7 2 0 1 70 200 7 39 39 3 4 20 
V829 0 71 170 0 1.027462837 0.695301712 10 15 0 3 3 2 130 1000 7 37 39 10 1 30 
V830 1 68 155 68 0.271604938 0.213590674 10 36 10 2 0 1 50 17 8.5 55 65 6 2 15 
V831 0 73 205 0 1.531368103 1.819294133 12.5 4 0 2 0 3 110 14 6.5 55 57 10 2 0 
V832 1 61 105 61 -1.492063492 -1.392112785 6.5 13 6.5 2 1 4 60 40 9 42 42 4 2 85 
V833 1 65 111 65 -0.48425296 -1.19942837 6 70 6 3 0 1 70 0 6 50 55 9 2 40 
V834 1 66 125 66 -0.232300328 -0.749831401 8.5 14 8.5 3 1 6 60 20 6 59 59 6 2 60 
V835 1 66 150 66 -0.232300328 0.053020328 10 25 10 2 1 2 75 20 8 49 52 9 2 85 
V836 1 65 145 65 -0.48425296 -0.107550018 8.5 30 8.5 3 2 3 85 35 8.5 51 53 7 2 30 
V837 0 67 140 0 0.019652305 -0.268120364 10 5 0 2 2 2 95 15 7 48 50 4 3 100 
V838 1 62 170 62 -1.240110859 0.695301712 7 12 7 3 1 2 80 10 7 39 52 4 1 5 
V839 1 69 135 69 0.523557571 -0.428690709 9 21 9 2 1 1 88 17 6.5 52 56 4 3 75 
V840 0 74 130 0 1.783320736 -0.589261055 11 22 0 2 2 1 101 83 7 51 50 2 6 0 
V841 0 70 180 0 0.775510204 1.016442403 12 7 0 3 1 2 120 0 5.5 48 48 2 3 100 
V842 0 72 202 0 1.27941547 1.722951925 13 3 0 2 4 2 97 5 7 48 50 5 1 4 
V843 1 63 136 63 -0.988158226 -0.39657664 7 13 7 2 3 2 100 25 8 55 59 6 2 100 
V844 0 73 158 0 1.531368103 0.309932882 12 12 0 2 1 1 102 20 8.5 57 54 8 1 35 
V845 0 70 125 0 0.775510204 -0.749831401 9.5 12 0 2 2 2 90 40 7 51 51 9 2 15 
V846 0 71 150 0 1.027462837 0.053020328 13 5 0 2 2 3 110 8 7 52 53 7 6 50 
V847 0 70 145 0 0.775510204 -0.107550018 10.5 2 0 2 2 1 80 50 6 44 45 4 1 20 
V848 1 66 175 66 -0.232300328 0.855872058 9 12 9 2 9 1 75 0 8.5 50 53 7 2 35 
V849 1 67 138 67 0.019652305 -0.332348502 8.5 24 8.5 3 6 2 100 0 8.5 42 44 3 1 25 
V850 1 70 150 70 0.775510204 0.053020328 10 26 10 2 1 3 105 40 7 48 48 7 3 20 
V851 1 66 128 66 -0.232300328 -0.653489194 11 8 11 2 0 6 75 15 6.5 47 65 8 1 70 
V852 1 64 116 64 -0.736205593 -1.038858024 7 22 7 2 2 1 80 20 9 51 49 4 2 50 
V853 1 63 140 63 -0.988158226 -0.268120364 7 11 7 4 0 2 66 40 8.5 49 55 2 1 25 
V854 1 67 200 67 0.019652305 1.658723787 9 30 9 3 8 2 85 1 7 44 44 3 2 60 
V855 1 53 160 53 -3.507684555 0.37416102 8.5 20 8.5 4 2 3 90 120 6.5 54 54 8 2 10 
V856 1 69 168 69 0.523557571 0.631073573 10 13 10 3 1 2 90 11 7.5 49 55 6 3 75 
V857 0 71 170 0 1.027462837 0.695301712 10.5 6 0 3 8 3 115 23 6 54 53 7 5 5 
V858 1 62 125 62 -1.240110859 -0.749831401 7.5 10 7.5 2 1 2 75 10 6 53 52 7 3 75 
V859 1 66 134 66 -0.232300328 -0.460804779 8 10 8 2 0 2 90 0 7 58 58 9 2 20 
V860 1 63 127 63 -0.988158226 -0.685603263 7.5 26 7.5 2 1 1 95 52 8.5 48 46 9 2 45 
V861 1 64 117 64 -0.736205593 -1.006743955 7 14 7 2 2 1 100 40 8 53 56 3 1 90 
V862 1 68 135 68 0.271604938 -0.428690709 9 9 9 2 2 2 95 25 6 50 55 8 6 3 
V863 1 61 108 61 -1.492063492 -1.295770577 6 25 6 2 0 2 90 100 9 51 54 8 1 25 
V864 1 66 143 66 -0.232300328 -0.171778156 9 6 9 3 17 5 105 9 7 46 50 6 1 70 
V865 0 70 187 0 0.775510204 1.241240888 9 7 0 3 2 0 130 100 5 49 52 1 4 100 
V866 1 67 124 67 0.019652305 -0.78194547 8 20 8 3 1 1 100 40 7 50 50 4 2 98 
V867 1 65 130 65 -0.48425296 -0.589261055 8 10 8 2 0 2 100 120 6 50 51 8 5 50 
V868 1 65 120 65 -0.48425296 -0.910401747 7.5 10 7.5 3 0 2 62 93 7 56 63 3 1 50 
V869 0 73 137 0 1.531368103 -0.364462571 10.5 9 0 2 14 1 90 36 8 51 49 4 2 40 
V870 0 74 260 0 1.783320736 3.585567937 13 11 0 2 4 3 115 50 7.5 52 53 7 2 50 
V871 1 68 150 68 0.271604938 0.053020328 11 15 11 2 1 1 85 60 6.5 55 56 8 2 90 
V872 1 66 150 66 -0.232300328 0.053020328 8 20 8 2 10 1 110 30 6 52 52 7 2 50 
V873 1 64 131 64 -0.736205593 -0.557146986 8.5 15 8.5 2 2 1 100 20 7.5 51 51 3 2 93 
V874 1 65 132 65 -0.48425296 -0.525032917 8.5 8 8.5 2 1 1 80 21 7 45 47 2 5 40 
V875 1 63 130 63 -0.988158226 -0.589261055 6.5 12 6.5 3 4 3 90 1 6 57 65 6 6 60 
V876 1 64 138 64 -0.736205593 -0.332348502 8 10 8 2 3 3 100 3 7.5 54 54 8 3 100 
V877 0 64 160 0 -0.736205593 0.37416102 10 9 0 2 0 1 88 0 6.5 51 52 1 1 25 
V878 0 62 130 0 -1.240110859 -0.589261055 8.5 4 0 3 0 1 85 0 7 53 57 6 2 25 
V879 1 70 235 70 0.775510204 2.782716208 11 13 11 2 5 1 77 27 7 50 56 4 1 80 
V880 0 69 165 0 0.523557571 0.534731366 11 10 0 2 1 2 115 12 7 49 49 7 2 10 
V881 1 62 128 62 -1.240110859 -0.653489194 7 44 7 2 2 2 94 37 7 53 54 4 4 100 
V882 1 68 177 68 0.271604938 0.920100196 9 40 9 3 8 1 92 62 7 45 62 7 4 99 
V883 1 65 136 65 -0.48425296 -0.39657664 8.5 15 8.5 2 1 5 95 3 7 53 54 7 1 100 
V884 1 64 110 64 -0.736205593 -1.231542439 6 12 6 2 1 0 80 600 8 49 49 6 1 20 
V885 1 62 150 62 -1.240110859 0.053020328 8 5 8 2 11 4 70 0 8 51 53 7 2 94 
V886 0 70 150 0 0.775510204 0.053020328 10 6 0 3 0 1 80 0 7.5 49 57 3 2 90 
V887 1 60 98 60 -1.744016125 -1.616911269 6.5 20 6.5 2 4 2 30 80 6 35 41 7 1 75 
V888 1 65 110 65 -0.48425296 -1.231542439 7 4 7 2 0 1 49 20 7 46 51 7 2 67 
V889 0 71 172 0 1.027462837 0.75952985 11 8 0 2 0 1 137 0 6 54 59 7 4 90 
V890 1 71 230 71 1.027462837 2.622145862 12 6 12 2 6 4 90 40 8 37 44 4 1 20 
V891 1 69 170 69 0.523557571 0.695301712 9.5 15 9.5 4 6 0 120 22 7 47 49 7 1 100 
V892 0 73 233 0 1.531368103 2.71848807 10.5 3 0 3 6 1 110 110 6.5 56 58 4 5 60 
V893 1 65 140 65 -0.48425296 -0.268120364 9 7 9 4 3 2 90 0 5.5 52 57 3 1 100 
V894 1 66 125 66 -0.232300328 -0.749831401 7 15 7 2 0 1 100 20 8 50 50 4 3 10 
V895 1 64 140 64 -0.736205593 -0.268120364 9 15 9 2 3 2 90 30 7 51 52 10 2 50 
V896 1 61 120 61 -1.492063492 -0.910401747 6.5 5 6.5 2 0 1 120 4 6.5 45 48 8 3 60 
V897 1 68 160 68 0.271604938 0.37416102 9 20 9 2 2 1 100 23 7.5 47 48 6 2 40 
V898 1 65 145 65 -0.48425296 -0.107550018 9 50 9 2 1 2 100 5 6 54 52 4 2 80 
V899 1 64 115 64 -0.736205593 -1.070972093 7.5 15 7.5 2 0 3 70 27 7 45 46 7 1 50 
V900 0 71 178 0 1.027462837 0.952214265 10.5 6 0 3 14 0 110 3 7.5 53 58 7 3 92 
V901 1 63 135 63 -0.988158226 -0.428690709 8 20 8 2 6 2 110 5 7 44 51 6 2 100 
V902 0 76 177 0 2.287226002 0.920100196 11 3 0 2 2 1 100 20 9.5 51 55 6 2 35 
V903 0 77 175 0 2.539178634 0.855872058 12 7 0 2 4 1 90 45 7.5 47 57 8 4 25 
V904 1 69 293 69 0.523557571 4.64533222 11 10 11 2 1 0 60 102 8 54 50 2 2 99 
V905 1 64 135 64 -0.736205593 -0.428690709 8 8 8 2 1 1 85 22 8 56 55 7 1 20 
V906 1 64 130 64 -0.736205593 -0.589261055 7.5 18 7.5 3 20 1 90 20 7.5 56 57 2 3 25 
V907 0 71 135 0 1.027462837 -0.428690709 9.5 4 0 2 0 0 60 20 7 50 52 10 6 51 
V908 1 69 130 69 0.523557571 -0.589261055 11 17 11 2 2 1 100 80 7.5 52 54 6 2 70 
V909 1 62 120 62 -1.240110859 -0.910401747 7 20 7 2 3 4 95 0 6.5 46 55 5 1 60 
V910 1 62 120 62 -1.240110859 -0.910401747 7 30 7 2 5 3 85 0 7 44 51 3 1 50 
V911 1 61 127 61 -1.492063492 -0.685603263 6.5 30 6.5 2 0 1 100 67 6 50 50 4 1 70 
V912 1 63 125 63 -0.988158226 -0.749831401 7.5 30 7.5 2 1 2 85 105 8 56 52 7 1 50 
V913 0 74 165 0 1.783320736 0.534731366 10.5 8 0 3 6 1 112 20 6.5 54 56 7 1 70 
V914 1 68 195 68 0.271604938 1.498153441 9.5 20 9.5 2 1 1 90 30 5.5 53 55 5 2 10 
V915 1 67 130 67 0.019652305 -0.589261055 9 20 9 2 3 1 90 20 7 49 50 4 1 95 
V916 0 69 160 0 0.523557571 0.37416102 13 4 0 1 0 1 70 500 9 55 60 7 6 80 
V917 1 67 170 67 0.019652305 0.695301712 9.5 10 9.5 3 3 3 115 2 9 41 45 6 2 75 
V918 0 68 210 0 0.271604938 1.979864479 11 5 0 4 2 1 110 60 6 53 54 5 2 10 
V919 0 69 155 0 0.523557571 0.213590674 10 6 0 2 1 1 110 52 7 44 49 5 2 10 
V920 1 63 93 63 -0.988158226 -1.777481615 6 45 6 2 4 2 90 0 8 52 52 3 2 35 
V921 0 70 156 0 0.775510204 0.245704743 9 16 0 2 2 0 82 29 7 51 52 9 1 100 
V922 1 65 180 65 -0.48425296 1.016442403 9.5 15 9.5 2 0 2 200 1 7 54 62 7 1 50 
V923 1 62 125 62 -1.240110859 -0.749831401 6.5 23 6.5 3 0 1 120 14 7.5 53 60 7 2 50 
V924 1 67 130 67 0.019652305 -0.589261055 9 35 9 2 8 1 85 22 6.5 48 55 3 2 70 
V925 1 64 138 64 -0.736205593 -0.332348502 8 15 8 2 2 2 100 0 7 51 52 6 3 50 
V926 1 62 128 62 -1.240110859 -0.653489194 7.5 15 7.5 3 2 0 72 0 7 53 49 8 1 50 
V927 0 70 155 0 0.775510204 0.213590674 10.5 3 0 3 6 2 100 10 6 50 51 7 2 20 
V928 1 63 134 63 -0.988158226 -0.460804779 6 16 6 3 5 2 98 120 7 43 46 9 6 75 
V929 0 66 170 0 -0.232300328 0.695301712 9.5 3 0 2 10 1 110 0 6 45 45 7 2 0 
V930 0 71 165 0 1.027462837 0.534731366 11 4 0 3 1 1 95 80 7.5 50 51 9 1 25 
V931 1 66 180 66 -0.232300328 1.016442403 10 12 10 2 2 1 60 4 6.5 47 48 8 2 42 
V932 1 67 130 67 0.019652305 -0.589261055 8 70 8 2 5 3 100 10 8 55 58 9 1 50 
V933 0 70 140 0 0.775510204 -0.268120364 9.5 6 0 2 2 1 120 50 5 53 53 3 2 20 
V934 1 65 140 65 -0.48425296 -0.268120364 8.5 40 8.5 2 5 1 114 20 8 47 54 8 2 100 
V935 1 63 130 63 -0.988158226 -0.589261055 7 15 7 2 0 1 65 30 6 48 49 8 2 50 
V936 1 68 135 68 0.271604938 -0.428690709 8.5 28 8.5 3 1 3 85 25 7.5 52 53 5 2 50 
V937 0 71 235 0 1.027462837 2.782716208 12 3 0 3 0 1 105 42 6 47 51 8 3 100 
V938 1 69 150 69 0.523557571 0.053020328 9 14 9 3 2 2 105 53 6.5 53 53 3 2 40 
V939 1 68 123 68 0.271604938 -0.814059539 10 20 10 2 3 4 85 50 8.5 46 46 4 2 100 
V940 0 72 205 0 1.27941547 1.819294133 11.5 9 0 2 5 2 95 60 7.5 50 52 8 3 50 
V941 1 65 110 65 -0.48425296 -1.231542439 6 15 6 2 10 2 110 8 8 54 57 9 2 50 
V942 1 64 112 64 -0.736205593 -1.1673143 6 6 6 1 4 6 85 2 8 42 45 7 5 50 
V943 1 61 107 61 -1.492063492 -1.327884646 6.5 20 6.5 2 1 2 65 30 7.5 43 46 7 2 50 
V944 1 67 155 67 0.019652305 0.213590674 9.5 8 9.5 2 0 2 70 0 7 45 49 7 1 100 
V945 0 69 135 0 0.523557571 -0.428690709 10 4 0 2 4 5 145 10 6 63 59 3 2 50 
V946 1 65 140 65 -0.48425296 -0.268120364 7 12 7 2 1 2 100 100 4.5 49 52 4 2 20 
V947 1 69 150 69 0.523557571 0.053020328 9 20 9 2 2 0 95 20 7 51 53 10 2 50 
V948 0 65 110 0 -0.48425296 -1.231542439 8 10 0 2 0 4 70 34 7 57 62 8 5 5 
V949 1 64 145 64 -0.736205593 -0.107550018 8 11 8 2 12 1 95 75 7.5 52 49 8 2 100 
V950 1 71 171 71 1.027462837 0.727415781 9.5 12 9.5 3 0 0 100 14 7 42 53 7 3 40 
V951 0 73 210 0 1.531368103 1.979864479 11.5 40 0 2 4 2 125 500 7.5 47 57 1 1 0 
V952 1 65 121 65 -0.48425296 -0.878287678 9 17 9 2 6 1 90 20 7.5 48 49 4 2 50 
V953 1 65 145 65 -0.48425296 -0.107550018 8 8 8 2 0 0 80 40 7 46 44 7 2 10 
V954 0 70 183 0 0.775510204 1.112784611 13 6 0 3 0 3 90 1 7 47 47 3 3 20 
V955 1 62 112 62 -1.240110859 -1.1673143 6.5 20 6.5 2 3 2 100 20 5 42 42 2 2 50 
V956 1 67 145 67 0.019652305 -0.107550018 9 45 9 2 4 2 95 150 7 51 57 9 3 90 
V957 0 74 165 0 1.783320736 0.534731366 12 20 0 3 7 1 157 43 8 48 52 7 2 99 
V958 1 65 160 65 -0.48425296 0.37416102 8.5 15 8.5 2 2 2 105 45 8 57 59 8 2 90 
V959 0 69 170 0 0.523557571 0.695301712 11 3 0 2 4 1 55 22 8 46 51 7 2 100 
V960 0 72 175 0 1.27941547 0.855872058 11 12 0 2 2 2 107 3 8.5 53 52 7 3 15 
V961 1 62 165 62 -1.240110859 0.534731366 8 9 8 2 2 1 80 5 6.5 56 51 2 2 70 
V962 1 68 138 68 0.271604938 -0.332348502 8 15 8 2 0 1 105 8 7.5 55 56 3 4 0 
V963 1 66 145 66 -0.232300328 -0.107550018 9.5 8 9.5 2 0 2 112 60 12 49 51 4 2 75 
V964 1 64 125 64 -0.736205593 -0.749831401 6.5 40 6.5 2 3 0 40 200 8 50 50 3 2 50 
V965 0 72 175 0 1.27941547 0.855872058 11 3 0 2 4 1 145 200 4 54 55 3 1 0 
V966 1 64 155 64 -0.736205593 0.213590674 8 20 8 4 2 1 85 11 7.5 48 48 9 1 80 
V967 1 67 150 67 0.019652305 0.053020328 8 15 8 2 3 3 100 30 7 53 53 7 2 25 
V968 0 72 156 0 1.27941547 0.245704743 13 3 0 3 0 3 90 0 7 43 45 1 3 25 
V969 1 62 120 62 -1.240110859 -0.910401747 7 40 7 2 25 6 80 5 7 38 37 4 2 50 
V970 1 64 112 64 -0.736205593 -1.1673143 7 30 7 3 6 3 25 0 8 58 49 6 2 50 
